EM wavelength	EX wavelength	S1
nm	nm	CPS
250	240	470
252.5	240	690
255	240	1090
257.5	240	2120
260	240	2840
262.5	240	3060
265	240	2010
267.5	240	1330
270	240	610
272.5	240	410
275	240	310
277.5	240	400
280	240	460
282.5	240	480
285	240	490
287.5	240	460
290	240	470
292.5	240	480
295	240	440
297.5	240	390
300	240	560
302.5	240	550
305	240	450
307.5	240	500
310	240	500
312.5	240	670
315	240	630
317.5	240	620
320	240	550
322.5	240	550
325	240	590
327.5	240	470
330	240	520
332.5	240	430
335	240	460
337.5	240	450
340	240	630
342.5	240	490
345	240	580
347.5	240	660
350	240	450
352.5	240	510
355	240	650
357.5	240	500
360	240	630
362.5	240	660
365	240	530
367.5	240	480
370	240	510
372.5	240	390
375	240	410
377.5	240	640
380	240	690
382.5	240	540
385	240	470
387.5	240	450
390	240	470
392.5	240	530
395	240	420
397.5	240	410
400	240	680
402.5	240	550
405	240	520
407.5	240	460
410	240	500
412.5	240	530
415	240	540
417.5	240	550
420	240	470
422.5	240	490
425	240	460
427.5	240	540
430	240	520
432.5	240	410
435	240	510
437.5	240	450
440	240	660
442.5	240	420
445	240	440
447.5	240	460
450	240	380
452.5	240	440
455	240	490
457.5	240	480
460	240	500
462.5	240	580
465	240	600
467.5	240	1060
470	240	2380
472.5	240	5540
475	240	10990
477.5	240	17060
480	240	20020
482.5	240	20210
485	240	17000
487.5	240	11650
490	240	5840
492.5	240	2180
495	240	1040
497.5	240	640
500	240	630
502.5	240	540
505	240	500
507.5	240	640
510	240	840
512.5	240	1510
515	240	1880
517.5	240	3160
520	240	4000
522.5	240	5010
525	240	5050
527.5	240	4450
530	240	3930
532.5	240	2810
535	240	1700
537.5	240	980
540	240	630
542.5	240	630
545	240	420
547.5	240	510
550	240	440
250	245	2000
252.5	245	690
255	245	590
257.5	245	1070
260	245	1880
262.5	245	3470
265	245	6320
267.5	245	6910
270	245	5710
272.5	245	2580
275	245	1260
277.5	245	440
280	245	590
282.5	245	530
285	245	450
287.5	245	520
290	245	560
292.5	245	580
295	245	530
297.5	245	630
300	245	550
302.5	245	650
305	245	550
307.5	245	570
310	245	610
312.5	245	760
315	245	640
317.5	245	490
320	245	610
322.5	245	630
325	245	460
327.5	245	800
330	245	560
332.5	245	630
335	245	450
337.5	245	580
340	245	510
342.5	245	400
345	245	530
347.5	245	580
350	245	660
352.5	245	500
355	245	730
357.5	245	590
360	245	500
362.5	245	650
365	245	450
367.5	245	550
370	245	450
372.5	245	540
375	245	520
377.5	245	540
380	245	530
382.5	245	600
385	245	460
387.5	245	720
390	245	600
392.5	245	540
395	245	460
397.5	245	520
400	245	600
402.5	245	530
405	245	580
407.5	245	440
410	245	410
412.5	245	520
415	245	530
417.5	245	490
420	245	450
422.5	245	470
425	245	490
427.5	245	490
430	245	560
432.5	245	580
435	245	510
437.5	245	530
440	245	500
442.5	245	600
445	245	490
447.5	245	490
450	245	570
452.5	245	590
455	245	470
457.5	245	600
460	245	540
462.5	245	620
465	245	460
467.5	245	580
470	245	600
472.5	245	540
475	245	600
477.5	245	1410
480	245	4790
482.5	245	10130
485	245	18300
487.5	245	28260
490	245	33080
492.5	245	34130
495	245	27560
497.5	245	18170
500	245	8820
502.5	245	3310
505	245	1150
507.5	245	860
510	245	950
512.5	245	610
515	245	760
517.5	245	640
520	245	1040
522.5	245	1680
525	245	2670
527.5	245	4470
530	245	6080
532.5	245	7800
535	245	8520
537.5	245	8110
540	245	7190
542.5	245	5770
545	245	4100
547.5	245	2090
550	245	1210
250	250	16690
252.5	250	11130
255	250	3990
257.5	250	1140
260	250	720
262.5	250	820
265	250	2310
267.5	250	5490
270	250	9690
272.5	250	12730
275	250	10790
277.5	250	6780
280	250	2210
282.5	250	940
285	250	530
287.5	250	570
290	250	570
292.5	250	560
295	250	520
297.5	250	500
300	250	640
302.5	250	620
305	250	750
307.5	250	640
310	250	630
312.5	250	590
315	250	660
317.5	250	570
320	250	560
322.5	250	510
325	250	520
327.5	250	580
330	250	600
332.5	250	550
335	250	660
337.5	250	590
340	250	740
342.5	250	750
345	250	480
347.5	250	650
350	250	640
352.5	250	590
355	250	660
357.5	250	650
360	250	720
362.5	250	540
365	250	580
367.5	250	490
370	250	660
372.5	250	680
375	250	630
377.5	250	780
380	250	700
382.5	250	620
385	250	640
387.5	250	610
390	250	710
392.5	250	540
395	250	480
397.5	250	470
400	250	630
402.5	250	620
405	250	460
407.5	250	630
410	250	660
412.5	250	670
415	250	540
417.5	250	500
420	250	600
422.5	250	380
425	250	600
427.5	250	580
430	250	520
432.5	250	600
435	250	540
437.5	250	580
440	250	640
442.5	250	580
445	250	460
447.5	250	660
450	250	590
452.5	250	550
455	250	560
457.5	250	650
460	250	530
462.5	250	620
465	250	370
467.5	250	390
470	250	420
472.5	250	490
475	250	600
477.5	250	420
480	250	540
482.5	250	570
485	250	600
487.5	250	1870
490	250	6960
492.5	250	15380
495	250	28420
497.5	250	42650
500	250	52900
502.5	250	50470
505	250	39680
507.5	250	24900
510	250	11690
512.5	250	3550
515	250	1280
517.5	250	900
520	250	860
522.5	250	900
525	250	850
527.5	250	960
530	250	960
532.5	250	1710
535	250	2990
537.5	250	5390
540	250	7740
542.5	250	10690
545	250	13390
547.5	250	13730
550	250	13000
250	255	16330
252.5	255	29390
255	255	28850
257.5	255	19250
260	255	7120
262.5	255	1710
265	255	870
267.5	255	1110
270	255	2350
272.5	255	7210
275	255	14660
277.5	255	21420
280	255	21030
282.5	255	14410
285	255	6110
287.5	255	1800
290	255	860
292.5	255	730
295	255	810
297.5	255	700
300	255	580
302.5	255	880
305	255	570
307.5	255	770
310	255	730
312.5	255	730
315	255	710
317.5	255	650
320	255	660
322.5	255	710
325	255	660
327.5	255	740
330	255	730
332.5	255	680
335	255	840
337.5	255	630
340	255	750
342.5	255	700
345	255	710
347.5	255	700
350	255	610
352.5	255	680
355	255	570
357.5	255	650
360	255	930
362.5	255	630
365	255	750
367.5	255	680
370	255	530
372.5	255	630
375	255	600
377.5	255	650
380	255	620
382.5	255	530
385	255	560
387.5	255	610
390	255	540
392.5	255	730
395	255	730
397.5	255	630
400	255	480
402.5	255	530
405	255	750
407.5	255	570
410	255	660
412.5	255	560
415	255	490
417.5	255	620
420	255	550
422.5	255	630
425	255	610
427.5	255	580
430	255	580
432.5	255	490
435	255	500
437.5	255	710
440	255	570
442.5	255	600
445	255	660
447.5	255	570
450	255	550
452.5	255	480
455	255	550
457.5	255	570
460	255	680
462.5	255	460
465	255	600
467.5	255	640
470	255	600
472.5	255	470
475	255	550
477.5	255	600
480	255	620
482.5	255	520
485	255	520
487.5	255	500
490	255	570
492.5	255	690
495	255	960
497.5	255	2730
500	255	8660
502.5	255	22940
505	255	41020
507.5	255	60860
510	255	73200
512.5	255	67560
515	255	51670
517.5	255	31190
520	255	14070
522.5	255	4360
525	255	1620
527.5	255	1400
530	255	1230
532.5	255	960
535	255	970
537.5	255	840
540	255	930
542.5	255	1230
545	255	2680
547.5	255	4500
550	255	7760
250	260	1830
252.5	260	9400
255	260	27890
257.5	260	48840
260	260	50850
262.5	260	33670
265	260	13340
267.5	260	3000
270	260	1290
272.5	260	1360
275	260	2340
277.5	260	7920
280	260	20000
282.5	260	31860
285	260	36120
287.5	260	27580
290	260	13270
292.5	260	4830
295	260	1580
297.5	260	830
300	260	810
302.5	260	760
305	260	730
307.5	260	770
310	260	710
312.5	260	960
315	260	730
317.5	260	930
320	260	940
322.5	260	690
325	260	810
327.5	260	830
330	260	800
332.5	260	790
335	260	770
337.5	260	690
340	260	640
342.5	260	510
345	260	600
347.5	260	790
350	260	910
352.5	260	650
355	260	700
357.5	260	710
360	260	800
362.5	260	740
365	260	670
367.5	260	770
370	260	800
372.5	260	660
375	260	850
377.5	260	660
380	260	720
382.5	260	530
385	260	670
387.5	260	620
390	260	610
392.5	260	550
395	260	540
397.5	260	720
400	260	650
402.5	260	790
405	260	670
407.5	260	640
410	260	590
412.5	260	550
415	260	660
417.5	260	710
420	260	690
422.5	260	640
425	260	660
427.5	260	590
430	260	530
432.5	260	770
435	260	670
437.5	260	630
440	260	610
442.5	260	640
445	260	520
447.5	260	670
450	260	630
452.5	260	670
455	260	570
457.5	260	550
460	260	530
462.5	260	580
465	260	730
467.5	260	540
470	260	640
472.5	260	550
475	260	580
477.5	260	610
480	260	570
482.5	260	520
485	260	580
487.5	260	540
490	260	590
492.5	260	600
495	260	610
497.5	260	620
500	260	610
502.5	260	760
505	260	800
507.5	260	3510
510	260	14000
512.5	260	34370
515	260	61690
517.5	260	85880
520	260	99320
522.5	260	92510
525	260	69400
527.5	260	41650
530	260	20080
532.5	260	5950
535	260	2220
537.5	260	1440
540	260	1270
542.5	260	1160
545	260	1460
547.5	260	1300
550	260	1210
250	265	450
252.5	265	490
255	265	2140
257.5	265	13520
260	265	43500
262.5	265	81690
265	265	88960
267.5	265	57620
270	265	22960
272.5	265	5160
275	265	1920
277.5	265	1470
280	265	2580
282.5	265	8040
285	265	23130
287.5	265	43300
290	265	54950
292.5	265	47890
295	265	28620
297.5	265	11300
300	265	3630
302.5	265	1770
305	265	970
307.5	265	780
310	265	840
312.5	265	750
315	265	960
317.5	265	760
320	265	960
322.5	265	1100
325	265	870
327.5	265	950
330	265	920
332.5	265	990
335	265	820
337.5	265	900
340	265	890
342.5	265	1070
345	265	1070
347.5	265	850
350	265	800
352.5	265	840
355	265	930
357.5	265	820
360	265	730
362.5	265	740
365	265	820
367.5	265	730
370	265	770
372.5	265	790
375	265	820
377.5	265	800
380	265	830
382.5	265	660
385	265	630
387.5	265	840
390	265	810
392.5	265	820
395	265	730
397.5	265	780
400	265	700
402.5	265	870
405	265	680
407.5	265	710
410	265	690
412.5	265	580
415	265	640
417.5	265	710
420	265	710
422.5	265	690
425	265	730
427.5	265	770
430	265	720
432.5	265	750
435	265	650
437.5	265	540
440	265	740
442.5	265	670
445	265	760
447.5	265	510
450	265	770
452.5	265	800
455	265	680
457.5	265	670
460	265	640
462.5	265	620
465	265	660
467.5	265	570
470	265	640
472.5	265	760
475	265	750
477.5	265	620
480	265	630
482.5	265	650
485	265	590
487.5	265	650
490	265	590
492.5	265	700
495	265	590
497.5	265	580
500	265	580
502.5	265	570
505	265	640
507.5	265	800
510	265	690
512.5	265	800
515	265	1180
517.5	265	5560
520	265	20100
522.5	265	46810
525	265	80120
527.5	265	115190
530	265	132730
532.5	265	126940
535	265	99650
537.5	265	61920
540	265	30500
542.5	265	9920
545	265	3390
547.5	265	2070
550	265	1810
250	270	460
252.5	270	480
255	270	590
257.5	270	560
260	270	2770
262.5	270	19230
265	270	65910
267.5	270	122080
270	270	142860
272.5	270	97930
275	270	39230
277.5	270	7700
280	270	2720
282.5	270	1880
285	270	2420
287.5	270	7540
290	270	23140
292.5	270	50510
295	270	73770
297.5	270	73270
300	270	51780
302.5	270	24920
305	270	8380
307.5	270	2960
310	270	1560
312.5	270	1050
315	270	1090
317.5	270	1220
320	270	1210
322.5	270	1180
325	270	1000
327.5	270	1180
330	270	1280
332.5	270	1220
335	270	1300
337.5	270	1210
340	270	1300
342.5	270	1220
345	270	960
347.5	270	1040
350	270	1040
352.5	270	960
355	270	950
357.5	270	1070
360	270	970
362.5	270	1050
365	270	970
367.5	270	1040
370	270	880
372.5	270	1080
375	270	1140
377.5	270	920
380	270	1000
382.5	270	910
385	270	1140
387.5	270	1030
390	270	760
392.5	270	810
395	270	890
397.5	270	1010
400	270	760
402.5	270	810
405	270	850
407.5	270	950
410	270	820
412.5	270	710
415	270	820
417.5	270	780
420	270	760
422.5	270	950
425	270	840
427.5	270	750
430	270	890
432.5	270	780
435	270	590
437.5	270	810
440	270	670
442.5	270	810
445	270	750
447.5	270	750
450	270	830
452.5	270	860
455	270	610
457.5	270	670
460	270	830
462.5	270	760
465	270	640
467.5	270	630
470	270	690
472.5	270	630
475	270	660
477.5	270	730
480	270	730
482.5	270	850
485	270	810
487.5	270	680
490	270	710
492.5	270	520
495	270	580
497.5	270	770
500	270	830
502.5	270	590
505	270	670
507.5	270	530
510	270	660
512.5	270	800
515	270	710
517.5	270	700
520	270	600
522.5	270	760
525	270	1330
527.5	270	5960
530	270	24310
532.5	270	57130
535	270	98610
537.5	270	148090
540	270	172290
542.5	270	170980
545	270	134660
547.5	270	87750
550	270	43570
250	275	450
252.5	275	480
255	275	510
257.5	275	650
260	275	620
262.5	275	680
265	275	3440
267.5	275	26040
270	275	94110
272.5	275	187410
275	275	220560
277.5	275	158910
280	275	61080
282.5	275	12060
285	275	3390
287.5	275	3310
290	275	3080
292.5	275	6370
295	275	19690
297.5	275	50150
300	275	87490
302.5	275	101570
305	275	86420
307.5	275	51420
310	275	21090
312.5	275	6820
315	275	2700
317.5	275	1670
320	275	1360
322.5	275	1350
325	275	1530
327.5	275	1440
330	275	1530
332.5	275	1440
335	275	1610
337.5	275	1720
340	275	1680
342.5	275	1310
345	275	1410
347.5	275	1350
350	275	1160
352.5	275	1310
355	275	1550
357.5	275	1450
360	275	1160
362.5	275	1360
365	275	1510
367.5	275	860
370	275	1200
372.5	275	1040
375	275	1000
377.5	275	970
380	275	1100
382.5	275	1050
385	275	1110
387.5	275	1150
390	275	1110
392.5	275	1070
395	275	1180
397.5	275	1010
400	275	1210
402.5	275	1000
405	275	1080
407.5	275	990
410	275	850
412.5	275	910
415	275	890
417.5	275	970
420	275	970
422.5	275	930
425	275	830
427.5	275	980
430	275	790
432.5	275	940
435	275	840
437.5	275	950
440	275	870
442.5	275	700
445	275	1060
447.5	275	780
450	275	860
452.5	275	860
455	275	940
457.5	275	920
460	275	830
462.5	275	960
465	275	810
467.5	275	910
470	275	860
472.5	275	900
475	275	1020
477.5	275	880
480	275	550
482.5	275	660
485	275	610
487.5	275	610
490	275	810
492.5	275	800
495	275	730
497.5	275	730
500	275	670
502.5	275	600
505	275	650
507.5	275	840
510	275	600
512.5	275	740
515	275	720
517.5	275	780
520	275	630
522.5	275	600
525	275	770
527.5	275	740
530	275	830
532.5	275	780
535	275	1490
537.5	275	5500
540	275	23940
542.5	275	62530
545	275	117930
547.5	275	178880
550	275	221180
250	280	600
252.5	280	680
255	280	570
257.5	280	760
260	280	650
262.5	280	630
265	280	800
267.5	280	890
270	280	4880
272.5	280	37710
275	280	139750
277.5	280	278630
280	280	321800
282.5	280	212740
285	280	78410
287.5	280	14370
290	280	4080
292.5	280	3750
295	280	3620
297.5	280	5310
300	280	16220
302.5	280	46080
305	280	93270
307.5	280	124360
310	280	119480
312.5	280	84320
315	280	40530
317.5	280	14500
320	280	4830
322.5	280	2400
325	280	2160
327.5	280	1920
330	280	1870
332.5	280	1600
335	280	1760
337.5	280	1890
340	280	1940
342.5	280	2310
345	280	1620
347.5	280	2150
350	280	1710
352.5	280	1730
355	280	1740
357.5	280	1720
360	280	1700
362.5	280	1640
365	280	1420
367.5	280	1290
370	280	1330
372.5	280	1250
375	280	1480
377.5	280	1280
380	280	1360
382.5	280	1450
385	280	1170
387.5	280	1400
390	280	1280
392.5	280	1300
395	280	1280
397.5	280	1210
400	280	1340
402.5	280	1080
405	280	1320
407.5	280	1050
410	280	1250
412.5	280	1130
415	280	1310
417.5	280	940
420	280	1320
422.5	280	1190
425	280	1080
427.5	280	860
430	280	870
432.5	280	940
435	280	890
437.5	280	1050
440	280	950
442.5	280	1000
445	280	830
447.5	280	840
450	280	1080
452.5	280	1020
455	280	980
457.5	280	1070
460	280	880
462.5	280	980
465	280	1000
467.5	280	950
470	280	820
472.5	280	870
475	280	910
477.5	280	1070
480	280	610
482.5	280	730
485	280	700
487.5	280	790
490	280	770
492.5	280	750
495	280	780
497.5	280	720
500	280	740
502.5	280	510
505	280	890
507.5	280	940
510	280	620
512.5	280	810
515	280	730
517.5	280	780
520	280	570
522.5	280	860
525	280	850
527.5	280	680
530	280	780
532.5	280	1020
535	280	790
537.5	280	920
540	280	730
542.5	280	1020
545	280	1330
547.5	280	6720
550	280	28640
250	285	500
252.5	285	490
255	285	460
257.5	285	520
260	285	690
262.5	285	610
265	285	710
267.5	285	660
270	285	770
272.5	285	1000
275	285	6520
277.5	285	55980
280	285	209060
282.5	285	399490
285	285	436220
287.5	285	274490
290	285	90360
292.5	285	16600
295	285	5640
297.5	285	4870
300	285	4690
302.5	285	5330
305	285	12590
307.5	285	38670
310	285	85420
312.5	285	134540
315	285	154450
317.5	285	121600
320	285	70740
322.5	285	29020
325	285	9730
327.5	285	4140
330	285	2480
332.5	285	2290
335	285	2280
337.5	285	2250
340	285	1940
342.5	285	2140
345	285	1760
347.5	285	2220
350	285	2270
352.5	285	2350
355	285	2290
357.5	285	2050
360	285	2020
362.5	285	1750
365	285	1900
367.5	285	1870
370	285	1690
372.5	285	1400
375	285	1720
377.5	285	1530
380	285	1700
382.5	285	1480
385	285	1410
387.5	285	1230
390	285	1340
392.5	285	1270
395	285	1500
397.5	285	1470
400	285	1280
402.5	285	1520
405	285	1220
407.5	285	1210
410	285	1280
412.5	285	1390
415	285	1340
417.5	285	1430
420	285	1250
422.5	285	1320
425	285	1230
427.5	285	1090
430	285	1140
432.5	285	1000
435	285	1160
437.5	285	1250
440	285	1240
442.5	285	1270
445	285	1100
447.5	285	1010
450	285	1050
452.5	285	1240
455	285	970
457.5	285	980
460	285	1200
462.5	285	1050
465	285	1150
467.5	285	1200
470	285	1040
472.5	285	1080
475	285	980
477.5	285	1020
480	285	960
482.5	285	1010
485	285	1030
487.5	285	1010
490	285	1000
492.5	285	850
495	285	840
497.5	285	890
500	285	890
502.5	285	770
505	285	860
507.5	285	880
510	285	950
512.5	285	890
515	285	970
517.5	285	1010
520	285	1000
522.5	285	930
525	285	890
527.5	285	910
530	285	890
532.5	285	890
535	285	1010
537.5	285	930
540	285	1060
542.5	285	990
545	285	910
547.5	285	980
550	285	1010
250	290	590
252.5	290	580
255	290	700
257.5	290	520
260	290	660
262.5	290	600
265	290	680
267.5	290	570
270	290	650
272.5	290	780
275	290	740
277.5	290	1230
280	290	9210
282.5	290	83370
285	290	308920
287.5	290	585720
290	290	629740
292.5	290	375750
295	290	120580
297.5	290	21260
300	290	6600
302.5	290	5540
305	290	5330
307.5	290	5310
310	290	8890
312.5	290	25770
315	290	68100
317.5	290	132640
320	290	176000
322.5	290	165150
325	290	113860
327.5	290	54790
330	290	19750
332.5	290	7150
335	290	4260
337.5	290	3120
340	290	3010
342.5	290	2450
345	290	2380
347.5	290	2470
350	290	2470
352.5	290	2630
355	290	2280
357.5	290	2750
360	290	2400
362.5	290	2350
365	290	2070
367.5	290	2420
370	290	1640
372.5	290	1790
375	290	1940
377.5	290	1820
380	290	1650
382.5	290	1760
385	290	1870
387.5	290	1860
390	290	1920
392.5	290	1540
395	290	1700
397.5	290	1600
400	290	1620
402.5	290	1670
405	290	1450
407.5	290	1530
410	290	1410
412.5	290	1380
415	290	1570
417.5	290	1390
420	290	1450
422.5	290	1550
425	290	1600
427.5	290	1500
430	290	1350
432.5	290	1370
435	290	1390
437.5	290	1370
440	290	1230
442.5	290	1200
445	290	1400
447.5	290	1100
450	290	1210
452.5	290	1350
455	290	1190
457.5	290	1170
460	290	1350
462.5	290	1300
465	290	1050
467.5	290	1120
470	290	1060
472.5	290	1070
475	290	860
477.5	290	970
480	290	1060
482.5	290	1090
485	290	910
487.5	290	970
490	290	990
492.5	290	920
495	290	1010
497.5	290	1270
500	290	900
502.5	290	840
505	290	940
507.5	290	980
510	290	870
512.5	290	910
515	290	1010
517.5	290	730
520	290	910
522.5	290	790
525	290	1040
527.5	290	1040
530	290	1030
532.5	290	890
535	290	830
537.5	290	840
540	290	850
542.5	290	970
545	290	920
547.5	290	820
550	290	830
250	295	550
252.5	295	650
255	295	580
257.5	295	550
260	295	690
262.5	295	690
265	295	550
267.5	295	670
270	295	770
272.5	295	780
275	295	730
277.5	295	850
280	295	740
282.5	295	1590
285	295	15620
287.5	295	121990
290	295	406440
292.5	295	713860
295	295	717350
297.5	295	433830
300	295	140580
302.5	295	24330
305	295	7580
307.5	295	6540
310	295	6090
312.5	295	5240
315	295	6770
317.5	295	16930
320	295	53390
322.5	295	117490
325	295	179210
327.5	295	199280
330	295	161170
332.5	295	90760
335	295	36510
337.5	295	11690
340	295	4740
342.5	295	3340
345	295	2970
347.5	295	2580
350	295	2450
352.5	295	2480
355	295	2370
357.5	295	2140
360	295	2230
362.5	295	2200
365	295	2100
367.5	295	2070
370	295	2500
372.5	295	2180
375	295	1990
377.5	295	2050
380	295	1770
382.5	295	1890
385	295	1770
387.5	295	1910
390	295	2120
392.5	295	1690
395	295	1970
397.5	295	1860
400	295	1630
402.5	295	1860
405	295	1530
407.5	295	1730
410	295	1550
412.5	295	1640
415	295	1630
417.5	295	1480
420	295	1610
422.5	295	1510
425	295	1760
427.5	295	1610
430	295	1530
432.5	295	1300
435	295	1680
437.5	295	1270
440	295	1560
442.5	295	1240
445	295	1270
447.5	295	1360
450	295	1460
452.5	295	1320
455	295	1080
457.5	295	1280
460	295	1090
462.5	295	1190
465	295	1320
467.5	295	1180
470	295	1190
472.5	295	1110
475	295	1170
477.5	295	1240
480	295	1110
482.5	295	990
485	295	910
487.5	295	1040
490	295	1070
492.5	295	1180
495	295	1020
497.5	295	1010
500	295	890
502.5	295	930
505	295	790
507.5	295	840
510	295	830
512.5	295	900
515	295	940
517.5	295	810
520	295	880
522.5	295	930
525	295	940
527.5	295	930
530	295	850
532.5	295	1070
535	295	1070
537.5	295	910
540	295	830
542.5	295	910
545	295	850
547.5	295	790
550	295	750
250	300	680
252.5	300	530
255	300	570
257.5	300	570
260	300	690
262.5	300	730
265	300	650
267.5	300	620
270	300	790
272.5	300	860
275	300	700
277.5	300	930
280	300	750
282.5	300	1120
285	300	1230
287.5	300	1900
290	300	23970
292.5	300	166510
295	300	528240
297.5	300	874710
300	300	872710
302.5	300	516430
305	300	166270
307.5	300	28520
310	300	9150
312.5	300	7550
315	300	6520
317.5	300	6310
320	300	6170
322.5	300	11510
325	300	35830
327.5	300	93130
330	300	172830
332.5	300	219770
335	300	204810
337.5	300	134620
340	300	60810
342.5	300	19420
345	300	6920
347.5	300	4020
350	300	2830
352.5	300	2400
355	300	2440
357.5	300	2170
360	300	1890
362.5	300	1980
365	300	1810
367.5	300	1810
370	300	2060
372.5	300	2250
375	300	1930
377.5	300	2500
380	300	2040
382.5	300	1860
385	300	1800
387.5	300	1760
390	300	1840
392.5	300	1800
395	300	1840
397.5	300	1730
400	300	1850
402.5	300	2000
405	300	2000
407.5	300	1740
410	300	1990
412.5	300	1760
415	300	1810
417.5	300	1920
420	300	1610
422.5	300	1560
425	300	1620
427.5	300	1420
430	300	1630
432.5	300	1470
435	300	1860
437.5	300	1470
440	300	1530
442.5	300	1450
445	300	1460
447.5	300	1390
450	300	1330
452.5	300	1250
455	300	1360
457.5	300	1330
460	300	1270
462.5	300	1400
465	300	1070
467.5	300	1210
470	300	1320
472.5	300	1300
475	300	1390
477.5	300	1170
480	300	1030
482.5	300	1090
485	300	1130
487.5	300	1230
490	300	1180
492.5	300	1060
495	300	1090
497.5	300	1150
500	300	1080
502.5	300	880
505	300	910
507.5	300	930
510	300	970
512.5	300	940
515	300	1050
517.5	300	1030
520	300	780
522.5	300	840
525	300	940
527.5	300	980
530	300	880
532.5	300	760
535	300	950
537.5	300	740
540	300	980
542.5	300	900
545	300	900
547.5	300	880
550	300	890
250	305	750
252.5	305	770
255	305	560
257.5	305	600
260	305	630
262.5	305	670
265	305	720
267.5	305	820
270	305	680
272.5	305	880
275	305	830
277.5	305	880
280	305	800
282.5	305	930
285	305	970
287.5	305	1000
290	305	1420
292.5	305	2050
295	305	31760
297.5	305	208790
300	305	632550
302.5	305	1037450
305	305	1034030
307.5	305	612350
310	305	207340
312.5	305	38640
315	305	10060
317.5	305	7850
320	305	7210
322.5	305	6570
325	305	5950
327.5	305	8770
330	305	22670
332.5	305	66950
335	305	146910
337.5	305	222950
340	305	241720
342.5	305	181180
345	305	98150
347.5	305	36630
350	305	12570
352.5	305	5330
355	305	3280
357.5	305	2980
360	305	2210
362.5	305	2090
365	305	2100
367.5	305	1870
370	305	1870
372.5	305	1890
375	305	1660
377.5	305	2200
380	305	1950
382.5	305	2490
385	305	1890
387.5	305	2300
390	305	2150
392.5	305	1980
395	305	1760
397.5	305	1750
400	305	1890
402.5	305	1970
405	305	1690
407.5	305	1700
410	305	1850
412.5	305	1550
415	305	1840
417.5	305	1660
420	305	1930
422.5	305	1380
425	305	1620
427.5	305	1720
430	305	1410
432.5	305	1670
435	305	1580
437.5	305	1750
440	305	1410
442.5	305	1490
445	305	1350
447.5	305	1370
450	305	1480
452.5	305	1530
455	305	1170
457.5	305	1460
460	305	1500
462.5	305	1200
465	305	1490
467.5	305	1140
470	305	1160
472.5	305	1090
475	305	1090
477.5	305	1230
480	305	1030
482.5	305	1100
485	305	1270
487.5	305	940
490	305	1130
492.5	305	1030
495	305	1170
497.5	305	1050
500	305	990
502.5	305	940
505	305	960
507.5	305	790
510	305	920
512.5	305	900
515	305	1010
517.5	305	870
520	305	730
522.5	305	1120
525	305	840
527.5	305	940
530	305	920
532.5	305	1020
535	305	790
537.5	305	810
540	305	810
542.5	305	820
545	305	690
547.5	305	820
550	305	940
250	310	580
252.5	310	640
255	310	610
257.5	310	880
260	310	710
262.5	310	640
265	310	640
267.5	310	620
270	310	760
272.5	310	680
275	310	850
277.5	310	800
280	310	760
282.5	310	1040
285	310	770
287.5	310	1020
290	310	920
292.5	310	1030
295	310	1370
297.5	310	2660
300	310	36090
302.5	310	238450
305	310	720350
307.5	310	1189370
310	310	1183200
312.5	310	732720
315	310	252890
317.5	310	45530
320	310	11560
322.5	310	8880
325	310	8570
327.5	310	7070
330	310	6510
332.5	310	6810
335	310	14740
337.5	310	47820
340	310	117890
342.5	310	214230
345	310	263540
347.5	310	230910
350	310	147250
352.5	310	65910
355	310	22660
357.5	310	8040
360	310	4220
362.5	310	2830
365	310	2370
367.5	310	2010
370	310	2040
372.5	310	1950
375	310	1820
377.5	310	2160
380	310	1670
382.5	310	1690
385	310	1610
387.5	310	2000
390	310	1990
392.5	310	2380
395	310	2340
397.5	310	2120
400	310	1870
402.5	310	1980
405	310	1670
407.5	310	1730
410	310	1900
412.5	310	1840
415	310	1800
417.5	310	1730
420	310	1680
422.5	310	1510
425	310	1710
427.5	310	1500
430	310	1580
432.5	310	1660
435	310	1710
437.5	310	1640
440	310	1490
442.5	310	1450
445	310	1380
447.5	310	1320
450	310	1560
452.5	310	1410
455	310	1190
457.5	310	1250
460	310	1560
462.5	310	1290
465	310	1400
467.5	310	1190
470	310	1160
472.5	310	1090
475	310	1350
477.5	310	1010
480	310	1070
482.5	310	1190
485	310	1300
487.5	310	1220
490	310	1290
492.5	310	1120
495	310	1060
497.5	310	970
500	310	1110
502.5	310	980
505	310	1160
507.5	310	970
510	310	1130
512.5	310	1060
515	310	990
517.5	310	1130
520	310	880
522.5	310	1000
525	310	1020
527.5	310	850
530	310	920
532.5	310	820
535	310	850
537.5	310	880
540	310	800
542.5	310	720
545	310	1010
547.5	310	880
550	310	740
250	315	660
252.5	315	530
255	315	500
257.5	315	630
260	315	740
262.5	315	780
265	315	820
267.5	315	720
270	315	730
272.5	315	680
275	315	840
277.5	315	750
280	315	730
282.5	315	900
285	315	810
287.5	315	880
290	315	850
292.5	315	920
295	315	1090
297.5	315	1140
300	315	1450
302.5	315	2530
305	315	38290
307.5	315	261260
310	315	786710
312.5	315	1331580
315	315	1385150
317.5	315	870550
320	315	303350
322.5	315	57330
325	315	12630
327.5	315	9800
330	315	8480
332.5	315	8420
335	315	7040
337.5	315	5740
340	315	10010
342.5	315	30220
345	315	90660
347.5	315	183970
350	315	267040
352.5	315	274580
355	315	204140
357.5	315	111410
360	315	45250
362.5	315	15440
365	315	6660
367.5	315	4050
370	315	2940
372.5	315	2620
375	315	2150
377.5	315	1790
380	315	1860
382.5	315	1580
385	315	1750
387.5	315	1790
390	315	1670
392.5	315	1790
395	315	1880
397.5	315	1880
400	315	1910
402.5	315	1950
405	315	1930
407.5	315	1800
410	315	1590
412.5	315	1640
415	315	1690
417.5	315	1760
420	315	1500
422.5	315	1620
425	315	1610
427.5	315	1430
430	315	1750
432.5	315	1620
435	315	1440
437.5	315	1680
440	315	1460
442.5	315	1510
445	315	1450
447.5	315	1330
450	315	1520
452.5	315	1360
455	315	1580
457.5	315	1370
460	315	1440
462.5	315	1200
465	315	1210
467.5	315	1240
470	315	1430
472.5	315	1300
475	315	1190
477.5	315	1280
480	315	1250
482.5	315	1340
485	315	1160
487.5	315	1190
490	315	1230
492.5	315	980
495	315	1290
497.5	315	1320
500	315	1210
502.5	315	900
505	315	1090
507.5	315	910
510	315	1050
512.5	315	1200
515	315	870
517.5	315	1030
520	315	1080
522.5	315	950
525	315	770
527.5	315	990
530	315	930
532.5	315	870
535	315	910
537.5	315	860
540	315	980
542.5	315	840
545	315	850
547.5	315	980
550	315	810
250	320	510
252.5	320	630
255	320	620
257.5	320	570
260	320	820
262.5	320	680
265	320	720
267.5	320	550
270	320	700
272.5	320	740
275	320	800
277.5	320	870
280	320	670
282.5	320	770
285	320	830
287.5	320	760
290	320	860
292.5	320	840
295	320	1010
297.5	320	1010
300	320	1250
302.5	320	1390
305	320	1590
307.5	320	2890
310	320	34040
312.5	320	252800
315	320	818440
317.5	320	1472030
320	320	1590230
322.5	320	1020790
325	320	369720
327.5	320	69570
330	320	13470
332.5	320	9990
335	320	9010
337.5	320	8460
340	320	7820
342.5	320	6550
345	320	7760
347.5	320	19310
350	320	61670
352.5	320	142240
355	320	243320
357.5	320	292970
360	320	263910
362.5	320	173080
365	320	84890
367.5	320	32370
370	320	11800
372.5	320	5440
375	320	3420
377.5	320	2860
380	320	2230
382.5	320	2080
385	320	1890
387.5	320	1960
390	320	1700
392.5	320	1770
395	320	1450
397.5	320	1780
400	320	1840
402.5	320	1970
405	320	1600
407.5	320	2290
410	320	2260
412.5	320	2050
415	320	1880
417.5	320	1860
420	320	1770
422.5	320	1710
425	320	1550
427.5	320	1540
430	320	1630
432.5	320	1730
435	320	1490
437.5	320	1680
440	320	1670
442.5	320	1640
445	320	1560
447.5	320	1570
450	320	1560
452.5	320	1650
455	320	1590
457.5	320	1700
460	320	1490
462.5	320	1580
465	320	1260
467.5	320	1400
470	320	1400
472.5	320	1320
475	320	1190
477.5	320	1240
480	320	1330
482.5	320	1140
485	320	1350
487.5	320	1200
490	320	1420
492.5	320	1100
495	320	1270
497.5	320	1150
500	320	1160
502.5	320	1120
505	320	1100
507.5	320	1100
510	320	1110
512.5	320	980
515	320	930
517.5	320	1050
520	320	1010
522.5	320	990
525	320	1120
527.5	320	860
530	320	1150
532.5	320	1030
535	320	860
537.5	320	860
540	320	940
542.5	320	740
545	320	890
547.5	320	780
550	320	950
250	325	630
252.5	325	700
255	325	460
257.5	325	630
260	325	720
262.5	325	580
265	325	740
267.5	325	720
270	325	680
272.5	325	480
275	325	720
277.5	325	840
280	325	780
282.5	325	750
285	325	750
287.5	325	800
290	325	1050
292.5	325	850
295	325	950
297.5	325	960
300	325	1110
302.5	325	1360
305	325	1160
307.5	325	1240
310	325	1540
312.5	325	2790
315	325	29660
317.5	325	246150
320	325	844720
322.5	325	1513730
325	325	1656270
327.5	325	1099570
330	325	410830
332.5	325	80500
335	325	13830
337.5	325	10530
340	325	9960
342.5	325	8850
345	325	7820
347.5	325	7170
350	325	6940
352.5	325	11680
355	325	35860
357.5	325	101330
360	325	199970
362.5	325	285570
365	325	308400
367.5	325	245180
370	325	143730
372.5	325	65440
375	325	22270
377.5	325	9460
380	325	5020
382.5	325	3180
385	325	2450
387.5	325	2120
390	325	2080
392.5	325	2070
395	325	1710
397.5	325	1590
400	325	1660
402.5	325	1630
405	325	1710
407.5	325	1590
410	325	1780
412.5	325	1740
415	325	1960
417.5	325	1820
420	325	1720
422.5	325	1470
425	325	1500
427.5	325	1620
430	325	1440
432.5	325	1570
435	325	1430
437.5	325	1700
440	325	1430
442.5	325	1420
445	325	1180
447.5	325	1200
450	325	1650
452.5	325	1490
455	325	1300
457.5	325	1310
460	325	1350
462.5	325	1340
465	325	1200
467.5	325	1290
470	325	1270
472.5	325	1270
475	325	1300
477.5	325	1190
480	325	980
482.5	325	1070
485	325	1170
487.5	325	1070
490	325	1090
492.5	325	1160
495	325	990
497.5	325	1210
500	325	1090
502.5	325	1100
505	325	1120
507.5	325	1030
510	325	1120
512.5	325	1050
515	325	1030
517.5	325	840
520	325	940
522.5	325	940
525	325	1030
527.5	325	1030
530	325	890
532.5	325	1000
535	325	1040
537.5	325	960
540	325	910
542.5	325	920
545	325	890
547.5	325	640
550	325	770
250	330	530
252.5	330	580
255	330	550
257.5	330	540
260	330	490
262.5	330	750
265	330	620
267.5	330	530
270	330	690
272.5	330	580
275	330	580
277.5	330	710
280	330	760
282.5	330	670
285	330	780
287.5	330	840
290	330	850
292.5	330	840
295	330	870
297.5	330	1040
300	330	810
302.5	330	900
305	330	1120
307.5	330	1180
310	330	1300
312.5	330	1570
315	330	1430
317.5	330	2530
320	330	22640
322.5	330	212520
325	330	779620
327.5	330	1528560
330	330	1765450
332.5	330	1235310
335	330	474550
337.5	330	92390
340	330	15610
342.5	330	11610
345	330	10410
347.5	330	8730
350	330	8170
352.5	330	7550
355	330	6370
357.5	330	7650
360	330	18290
362.5	330	54790
365	330	130060
367.5	330	231350
370	330	301340
372.5	330	297830
375	330	213450
377.5	330	118880
380	330	49130
382.5	330	16950
385	330	7430
387.5	330	4600
390	330	3040
392.5	330	2320
395	330	1860
397.5	330	1910
400	330	1870
402.5	330	1880
405	330	1610
407.5	330	1630
410	330	1450
412.5	330	1630
415	330	1340
417.5	330	1610
420	330	1900
422.5	330	1620
425	330	1910
427.5	330	1770
430	330	1720
432.5	330	1820
435	330	1720
437.5	330	1360
440	330	1390
442.5	330	1350
445	330	1470
447.5	330	1500
450	330	1290
452.5	330	1410
455	330	1410
457.5	330	1380
460	330	1430
462.5	330	1400
465	330	1190
467.5	330	1200
470	330	1270
472.5	330	1120
475	330	1180
477.5	330	1030
480	330	1260
482.5	330	1060
485	330	1160
487.5	330	1170
490	330	1220
492.5	330	1060
495	330	1390
497.5	330	1070
500	330	1090
502.5	330	1030
505	330	990
507.5	330	960
510	330	1150
512.5	330	1070
515	330	1020
517.5	330	1100
520	330	1010
522.5	330	920
525	330	1000
527.5	330	850
530	330	970
532.5	330	690
535	330	980
537.5	330	940
540	330	810
542.5	330	960
545	330	830
547.5	330	990
550	330	760
250	335	740
252.5	335	760
255	335	590
257.5	335	640
260	335	620
262.5	335	620
265	335	570
267.5	335	590
270	335	630
272.5	335	680
275	335	520
277.5	335	650
280	335	630
282.5	335	790
285	335	730
287.5	335	740
290	335	620
292.5	335	600
295	335	710
297.5	335	740
300	335	930
302.5	335	910
305	335	930
307.5	335	1080
310	335	1050
312.5	335	1050
315	335	1190
317.5	335	1360
320	335	1600
322.5	335	2560
325	335	21290
327.5	335	218980
330	335	829300
332.5	335	1611330
335	335	1871740
337.5	335	1259480
340	335	449110
342.5	335	83270
345	335	15500
347.5	335	11570
350	335	9690
352.5	335	9450
355	335	8710
357.5	335	7500
360	335	6470
362.5	335	6690
365	335	10510
367.5	335	30750
370	335	83670
372.5	335	174720
375	335	270060
377.5	335	315380
380	335	270100
382.5	335	175160
385	335	84300
387.5	335	31960
390	335	12290
392.5	335	5430
395	335	3470
397.5	335	2970
400	335	2060
402.5	335	1940
405	335	1710
407.5	335	1550
410	335	1780
412.5	335	1470
415	335	1480
417.5	335	1710
420	335	1310
422.5	335	1360
425	335	1440
427.5	335	1520
430	335	1830
432.5	335	1690
435	335	1600
437.5	335	1810
440	335	1570
442.5	335	1410
445	335	1410
447.5	335	1420
450	335	1520
452.5	335	1290
455	335	1340
457.5	335	1320
460	335	1340
462.5	335	1400
465	335	1200
467.5	335	1410
470	335	1230
472.5	335	1310
475	335	1070
477.5	335	1090
480	335	1170
482.5	335	1220
485	335	1360
487.5	335	1140
490	335	1070
492.5	335	940
495	335	1040
497.5	335	1220
500	335	1100
502.5	335	1120
505	335	1010
507.5	335	1220
510	335	1070
512.5	335	960
515	335	900
517.5	335	930
520	335	980
522.5	335	1070
525	335	990
527.5	335	1050
530	335	830
532.5	335	920
535	335	920
537.5	335	810
540	335	1110
542.5	335	960
545	335	950
547.5	335	720
550	335	810
250	340	750
252.5	340	670
255	340	570
257.5	340	690
260	340	560
262.5	340	600
265	340	600
267.5	340	590
270	340	620
272.5	340	570
275	340	560
277.5	340	750
280	340	740
282.5	340	590
285	340	680
287.5	340	790
290	340	810
292.5	340	700
295	340	790
297.5	340	810
300	340	800
302.5	340	870
305	340	870
307.5	340	970
310	340	1000
312.5	340	880
315	340	1010
317.5	340	1060
320	340	1230
322.5	340	1430
325	340	1530
327.5	340	3000
330	340	24110
332.5	340	242250
335	340	904180
337.5	340	1727320
340	340	1901970
342.5	340	1227690
345	340	422020
347.5	340	72350
350	340	16640
352.5	340	11160
355	340	9960
357.5	340	9640
360	340	8890
362.5	340	8500
365	340	6990
367.5	340	6670
370	340	7600
372.5	340	17080
375	340	51520
377.5	340	123270
380	340	221230
382.5	340	295270
385	340	299660
387.5	340	227540
390	340	126990
392.5	340	52880
395	340	18870
397.5	340	7580
400	340	4470
402.5	340	3110
405	340	2230
407.5	340	2010
410	340	1560
412.5	340	1610
415	340	1810
417.5	340	1320
420	340	1410
422.5	340	1190
425	340	1440
427.5	340	1530
430	340	1280
432.5	340	1660
435	340	1760
437.5	340	1330
440	340	1590
442.5	340	1560
445	340	1630
447.5	340	1480
450	340	1460
452.5	340	1500
455	340	1400
457.5	340	1350
460	340	1110
462.5	340	1290
465	340	1250
467.5	340	1120
470	340	1290
472.5	340	1240
475	340	1210
477.5	340	1390
480	340	970
482.5	340	1310
485	340	1210
487.5	340	1150
490	340	1080
492.5	340	1120
495	340	1060
497.5	340	1090
500	340	1100
502.5	340	1060
505	340	1130
507.5	340	990
510	340	1000
512.5	340	990
515	340	930
517.5	340	1160
520	340	920
522.5	340	790
525	340	1000
527.5	340	1050
530	340	1040
532.5	340	1170
535	340	890
537.5	340	760
540	340	780
542.5	340	840
545	340	810
547.5	340	860
550	340	840
250	345	680
252.5	345	670
255	345	580
257.5	345	620
260	345	690
262.5	345	740
265	345	620
267.5	345	690
270	345	500
272.5	345	560
275	345	650
277.5	345	550
280	345	550
282.5	345	800
285	345	760
287.5	345	690
290	345	630
292.5	345	640
295	345	740
297.5	345	740
300	345	650
302.5	345	860
305	345	680
307.5	345	900
310	345	940
312.5	345	900
315	345	830
317.5	345	880
320	345	960
322.5	345	1200
325	345	1250
327.5	345	1290
330	345	1700
332.5	345	2750
335	345	27010
337.5	345	270970
340	345	1015820
342.5	345	1842570
345	345	1937460
347.5	345	1200280
350	345	402120
352.5	345	69590
355	345	15440
357.5	345	12100
360	345	10710
362.5	345	9590
365	345	9180
367.5	345	8460
370	345	7440
372.5	345	6480
375	345	6470
377.5	345	9950
380	345	26810
382.5	345	77210
385	345	161630
387.5	345	255840
390	345	301900
392.5	345	264000
395	345	172910
397.5	345	83580
400	345	29900
402.5	345	11470
405	345	6360
407.5	345	3990
410	345	2800
412.5	345	2120
415	345	1820
417.5	345	1520
420	345	1840
422.5	345	1660
425	345	1620
427.5	345	1480
430	345	1490
432.5	345	1320
435	345	1280
437.5	345	1280
440	345	1450
442.5	345	1270
445	345	1660
447.5	345	1610
450	345	1380
452.5	345	1560
455	345	1530
457.5	345	1480
460	345	1400
462.5	345	1110
465	345	1260
467.5	345	1090
470	345	1170
472.5	345	1230
475	345	1190
477.5	345	1040
480	345	1100
482.5	345	970
485	345	1090
487.5	345	940
490	345	1040
492.5	345	950
495	345	900
497.5	345	1280
500	345	1070
502.5	345	1030
505	345	1220
507.5	345	990
510	345	840
512.5	345	910
515	345	960
517.5	345	890
520	345	820
522.5	345	760
525	345	1030
527.5	345	940
530	345	1060
532.5	345	940
535	345	790
537.5	345	910
540	345	670
542.5	345	930
545	345	920
547.5	345	740
550	345	700
250	350	670
252.5	350	650
255	350	560
257.5	350	600
260	350	700
262.5	350	570
265	350	580
267.5	350	550
270	350	740
272.5	350	800
275	350	660
277.5	350	600
280	350	580
282.5	350	540
285	350	590
287.5	350	650
290	350	580
292.5	350	720
295	350	750
297.5	350	590
300	350	720
302.5	350	800
305	350	650
307.5	350	800
310	350	880
312.5	350	1040
315	350	970
317.5	350	850
320	350	1080
322.5	350	850
325	350	1050
327.5	350	1040
330	350	1410
332.5	350	1500
335	350	1890
337.5	350	3010
340	350	35530
342.5	350	315530
345	350	1103690
347.5	350	1943710
350	350	1990690
352.5	350	1195820
355	350	396280
357.5	350	68330
360	350	16780
362.5	350	11530
365	350	10390
367.5	350	9820
370	350	9680
372.5	350	8950
375	350	7260
377.5	350	6420
380	350	5960
382.5	350	6810
385	350	16080
387.5	350	44890
390	350	112590
392.5	350	206590
395	350	285880
397.5	350	284780
400	350	212080
402.5	350	116640
405	350	50260
407.5	350	18880
410	350	7640
412.5	350	5140
415	350	3210
417.5	350	2090
420	350	2130
422.5	350	1760
425	350	1780
427.5	350	1580
430	350	1420
432.5	350	1630
435	350	1400
437.5	350	1450
440	350	1590
442.5	350	1620
445	350	1240
447.5	350	1410
450	350	1210
452.5	350	1490
455	350	1450
457.5	350	1720
460	350	1710
462.5	350	1390
465	350	1280
467.5	350	1390
470	350	1200
472.5	350	1250
475	350	1210
477.5	350	1210
480	350	1210
482.5	350	1060
485	350	1190
487.5	350	1090
490	350	1310
492.5	350	1050
495	350	1170
497.5	350	1060
500	350	1110
502.5	350	1040
505	350	1030
507.5	350	970
510	350	900
512.5	350	1050
515	350	990
517.5	350	930
520	350	940
522.5	350	1140
525	350	840
527.5	350	870
530	350	830
532.5	350	940
535	350	840
537.5	350	900
540	350	1040
542.5	350	860
545	350	890
547.5	350	800
550	350	890
250	355	760
252.5	355	660
255	355	540
257.5	355	530
260	355	680
262.5	355	670
265	355	570
267.5	355	720
270	355	540
272.5	355	820
275	355	650
277.5	355	540
280	355	660
282.5	355	650
285	355	600
287.5	355	460
290	355	620
292.5	355	540
295	355	700
297.5	355	630
300	355	570
302.5	355	720
305	355	750
307.5	355	790
310	355	900
312.5	355	810
315	355	970
317.5	355	1030
320	355	850
322.5	355	880
325	355	920
327.5	355	910
330	355	1070
332.5	355	1270
335	355	1060
337.5	355	1460
340	355	1780
342.5	355	3310
345	355	43210
347.5	355	363990
350	355	1189540
352.5	355	2030610
355	355	2016030
357.5	355	1203400
360	355	403070
362.5	355	70690
365	355	17630
367.5	355	11590
370	355	10580
372.5	355	10040
375	355	9990
377.5	355	8720
380	355	7630
382.5	355	7150
385	355	6490
387.5	355	5500
390	355	8610
392.5	355	25580
395	355	74600
397.5	355	153270
400	355	240050
402.5	355	279710
405	355	242690
407.5	355	158710
410	355	78010
412.5	355	30450
415	355	12110
417.5	355	6750
420	355	4000
422.5	355	3080
425	355	2160
427.5	355	1730
430	355	1840
432.5	355	1850
435	355	1730
437.5	355	1560
440	355	1510
442.5	355	1460
445	355	1430
447.5	355	1540
450	355	1700
452.5	355	1370
455	355	1480
457.5	355	1550
460	355	1400
462.5	355	1420
465	355	1520
467.5	355	1540
470	355	1440
472.5	355	1310
475	355	1490
477.5	355	1040
480	355	1110
482.5	355	1080
485	355	1170
487.5	355	1100
490	355	1050
492.5	355	1100
495	355	1020
497.5	355	1040
500	355	1150
502.5	355	1030
505	355	1210
507.5	355	1040
510	355	1050
512.5	355	1100
515	355	1120
517.5	355	830
520	355	870
522.5	355	940
525	355	1000
527.5	355	950
530	355	890
532.5	355	930
535	355	710
537.5	355	980
540	355	820
542.5	355	840
545	355	830
547.5	355	830
550	355	910
250	360	690
252.5	360	580
255	360	580
257.5	360	690
260	360	630
262.5	360	750
265	360	930
267.5	360	580
270	360	600
272.5	360	630
275	360	550
277.5	360	550
280	360	560
282.5	360	730
285	360	640
287.5	360	530
290	360	590
292.5	360	580
295	360	620
297.5	360	620
300	360	670
302.5	360	770
305	360	690
307.5	360	600
310	360	680
312.5	360	840
315	360	870
317.5	360	660
320	360	900
322.5	360	1160
325	360	960
327.5	360	800
330	360	950
332.5	360	1090
335	360	1210
337.5	360	1120
340	360	1210
342.5	360	1360
345	360	1920
347.5	360	3730
350	360	47630
352.5	360	374230
355	360	1214960
357.5	360	2066810
360	360	2080410
362.5	360	1261350
365	360	436840
367.5	360	83150
370	360	18210
372.5	360	12550
375	360	10420
377.5	360	9860
380	360	9790
382.5	360	8980
385	360	8240
387.5	360	6730
390	360	5980
392.5	360	5460
395	360	6230
397.5	360	14510
400	360	40860
402.5	360	103250
405	360	186200
407.5	360	250510
410	360	254030
412.5	360	200110
415	360	122180
417.5	360	55740
420	360	22450
422.5	360	9350
425	360	5880
427.5	360	3960
430	360	2860
432.5	360	2160
435	360	1970
437.5	360	1910
440	360	1690
442.5	360	1750
445	360	1760
447.5	360	1450
450	360	1810
452.5	360	1470
455	360	1270
457.5	360	1390
460	360	1160
462.5	360	1340
465	360	1270
467.5	360	1260
470	360	1600
472.5	360	1350
475	360	1550
477.5	360	1490
480	360	1600
482.5	360	1260
485	360	1440
487.5	360	1210
490	360	1310
492.5	360	1090
495	360	1000
497.5	360	1040
500	360	1000
502.5	360	790
505	360	990
507.5	360	1000
510	360	1000
512.5	360	1180
515	360	1110
517.5	360	900
520	360	990
522.5	360	730
525	360	1070
527.5	360	960
530	360	910
532.5	360	900
535	360	880
537.5	360	740
540	360	1000
542.5	360	890
545	360	850
547.5	360	890
550	360	1040
250	365	530
252.5	365	570
255	365	570
257.5	365	680
260	365	580
262.5	365	570
265	365	610
267.5	365	520
270	365	590
272.5	365	520
275	365	640
277.5	365	580
280	365	680
282.5	365	730
285	365	540
287.5	365	490
290	365	680
292.5	365	630
295	365	830
297.5	365	570
300	365	630
302.5	365	650
305	365	620
307.5	365	710
310	365	680
312.5	365	720
315	365	810
317.5	365	940
320	365	910
322.5	365	790
325	365	840
327.5	365	970
330	365	830
332.5	365	1130
335	365	820
337.5	365	1070
340	365	1010
342.5	365	1070
345	365	1390
347.5	365	1550
350	365	1940
352.5	365	3740
355	365	50970
357.5	365	400510
360	365	1252150
362.5	365	2077100
365	365	2100370
367.5	365	1315130
370	365	474580
372.5	365	89010
375	365	18700
377.5	365	12820
380	365	10290
382.5	365	8780
385	365	9500
387.5	365	9140
390	365	7810
392.5	365	7160
395	365	5930
397.5	365	5290
400	365	5250
402.5	365	8960
405	365	24750
407.5	365	64730
410	365	134680
412.5	365	209360
415	365	247820
417.5	365	228490
420	365	162700
422.5	365	90710
425	365	39450
427.5	365	16400
430	365	7340
432.5	365	4930
435	365	3710
437.5	365	2610
440	365	2200
442.5	365	1920
445	365	1540
447.5	365	1760
450	365	1700
452.5	365	1570
455	365	1530
457.5	365	1310
460	365	1440
462.5	365	1590
465	365	1630
467.5	365	1100
470	365	1220
472.5	365	1420
475	365	1260
477.5	365	1570
480	365	1180
482.5	365	1270
485	365	1440
487.5	365	1120
490	365	1330
492.5	365	1300
495	365	1400
497.5	365	1170
500	365	1090
502.5	365	1230
505	365	1090
507.5	365	1140
510	365	800
512.5	365	970
515	365	1140
517.5	365	960
520	365	940
522.5	365	1090
525	365	850
527.5	365	850
530	365	960
532.5	365	780
535	365	930
537.5	365	960
540	365	970
542.5	365	920
545	365	770
547.5	365	790
550	365	690
250	370	650
252.5	370	700
255	370	520
257.5	370	510
260	370	520
262.5	370	570
265	370	600
267.5	370	670
270	370	530
272.5	370	540
275	370	610
277.5	370	580
280	370	720
282.5	370	580
285	370	550
287.5	370	830
290	370	690
292.5	370	560
295	370	500
297.5	370	790
300	370	620
302.5	370	780
305	370	770
307.5	370	780
310	370	790
312.5	370	670
315	370	740
317.5	370	770
320	370	820
322.5	370	850
325	370	740
327.5	370	770
330	370	860
332.5	370	890
335	370	990
337.5	370	870
340	370	930
342.5	370	820
345	370	1000
347.5	370	960
350	370	1260
352.5	370	1560
355	370	2000
357.5	370	4140
360	370	47190
362.5	370	361810
365	370	1193320
367.5	370	2052780
370	370	2173360
372.5	370	1404040
375	370	500210
377.5	370	103090
380	370	20280
382.5	370	12390
385	370	10510
387.5	370	9420
390	370	9350
392.5	370	8690
395	370	7880
397.5	370	7000
400	370	5750
402.5	370	5370
405	370	4250
407.5	370	5630
410	370	12320
412.5	370	34890
415	370	85400
417.5	370	149950
420	370	213200
422.5	370	230570
425	370	198300
427.5	370	135800
430	370	70390
432.5	370	31170
435	370	12520
437.5	370	6830
440	370	4360
442.5	370	3130
445	370	2710
447.5	370	2210
450	370	2000
452.5	370	1750
455	370	1450
457.5	370	1510
460	370	1790
462.5	370	1400
465	370	1280
467.5	370	1310
470	370	1210
472.5	370	1290
475	370	1270
477.5	370	1320
480	370	1220
482.5	370	1300
485	370	1200
487.5	370	1280
490	370	1270
492.5	370	1130
495	370	1260
497.5	370	1300
500	370	1250
502.5	370	1070
505	370	1170
507.5	370	1190
510	370	1040
512.5	370	980
515	370	1090
517.5	370	1270
520	370	940
522.5	370	930
525	370	890
527.5	370	1040
530	370	900
532.5	370	1030
535	370	1060
537.5	370	870
540	370	860
542.5	370	710
545	370	810
547.5	370	750
550	370	850
250	375	560
252.5	375	490
255	375	520
257.5	375	530
260	375	550
262.5	375	560
265	375	650
267.5	375	680
270	375	660
272.5	375	500
275	375	650
277.5	375	590
280	375	410
282.5	375	640
285	375	600
287.5	375	520
290	375	740
292.5	375	830
295	375	650
297.5	375	670
300	375	700
302.5	375	690
305	375	590
307.5	375	670
310	375	620
312.5	375	830
315	375	590
317.5	375	570
320	375	720
322.5	375	750
325	375	830
327.5	375	770
330	375	870
332.5	375	930
335	375	1070
337.5	375	860
340	375	1040
342.5	375	790
345	375	860
347.5	375	1090
350	375	1070
352.5	375	1260
355	375	1200
357.5	375	1440
360	375	1810
362.5	375	3760
365	375	43770
367.5	375	336590
370	375	1110110
372.5	375	1988370
375	375	2171880
377.5	375	1435460
380	375	538600
382.5	375	107590
385	375	19780
387.5	375	13350
390	375	9880
392.5	375	8800
395	375	8930
397.5	375	8260
400	375	7580
402.5	375	7010
405	375	5550
407.5	375	5230
410	375	4680
412.5	375	4240
415	375	6750
417.5	375	17600
420	375	48430
422.5	375	98020
425	375	159180
427.5	375	208010
430	375	208450
432.5	375	170530
435	375	107480
437.5	375	52450
440	375	21540
442.5	375	9780
445	375	5460
447.5	375	3890
450	375	2910
452.5	375	2260
455	375	1940
457.5	375	2000
460	375	1610
462.5	375	1540
465	375	1860
467.5	375	1540
470	375	1240
472.5	375	1200
475	375	1350
477.5	375	1290
480	375	1210
482.5	375	1310
485	375	1210
487.5	375	1360
490	375	1100
492.5	375	1150
495	375	1340
497.5	375	1140
500	375	1290
502.5	375	990
505	375	1280
507.5	375	1020
510	375	1070
512.5	375	930
515	375	1060
517.5	375	1020
520	375	1170
522.5	375	910
525	375	940
527.5	375	850
530	375	770
532.5	375	940
535	375	990
537.5	375	820
540	375	1060
542.5	375	1070
545	375	940
547.5	375	860
550	375	700
250	380	500
252.5	380	530
255	380	540
257.5	380	630
260	380	760
262.5	380	730
265	380	580
267.5	380	550
270	380	530
272.5	380	520
275	380	480
277.5	380	630
280	380	560
282.5	380	550
285	380	610
287.5	380	640
290	380	740
292.5	380	630
295	380	570
297.5	380	510
300	380	540
302.5	380	580
305	380	720
307.5	380	910
310	380	710
312.5	380	630
315	380	720
317.5	380	720
320	380	750
322.5	380	590
325	380	560
327.5	380	720
330	380	670
332.5	380	840
335	380	800
337.5	380	890
340	380	990
342.5	380	740
345	380	950
347.5	380	870
350	380	1030
352.5	380	1020
355	380	1060
357.5	380	1310
360	380	1220
362.5	380	1580
365	380	2130
367.5	380	3420
370	380	32100
372.5	380	295270
375	380	1064640
377.5	380	1958310
380	380	2177510
382.5	380	1480700
385	380	569070
387.5	380	116070
390	380	19650
392.5	380	13150
395	380	9960
397.5	380	8520
400	380	7880
402.5	380	8230
405	380	7740
407.5	380	6800
410	380	5570
412.5	380	4610
415	380	4860
417.5	380	4360
420	380	4530
422.5	380	9100
425	380	22490
427.5	380	55430
430	380	107860
432.5	380	163750
435	380	195370
437.5	380	186050
440	380	140550
442.5	380	81050
445	380	36640
447.5	380	15620
450	380	7670
452.5	380	4940
455	380	3490
457.5	380	2890
460	380	2280
462.5	380	1820
465	380	1640
467.5	380	1620
470	380	1820
472.5	380	1250
475	380	1430
477.5	380	1330
480	380	1430
482.5	380	1430
485	380	1280
487.5	380	1240
490	380	1330
492.5	380	1350
495	380	1160
497.5	380	1170
500	380	1140
502.5	380	1290
505	380	1340
507.5	380	1270
510	380	1220
512.5	380	1040
515	380	1240
517.5	380	860
520	380	980
522.5	380	990
525	380	1040
527.5	380	880
530	380	840
532.5	380	900
535	380	840
537.5	380	980
540	380	960
542.5	380	670
545	380	790
547.5	380	1000
550	380	770
250	385	580
252.5	385	480
255	385	660
257.5	385	480
260	385	520
262.5	385	610
265	385	610
267.5	385	620
270	385	650
272.5	385	630
275	385	450
277.5	385	590
280	385	580
282.5	385	530
285	385	600
287.5	385	730
290	385	500
292.5	385	600
295	385	720
297.5	385	600
300	385	600
302.5	385	570
305	385	730
307.5	385	700
310	385	650
312.5	385	520
315	385	550
317.5	385	660
320	385	640
322.5	385	610
325	385	600
327.5	385	680
330	385	810
332.5	385	760
335	385	780
337.5	385	760
340	385	850
342.5	385	840
345	385	1040
347.5	385	760
350	385	1050
352.5	385	1020
355	385	800
357.5	385	900
360	385	940
362.5	385	990
365	385	990
367.5	385	1420
370	385	1800
372.5	385	3020
375	385	25410
377.5	385	245570
380	385	946390
382.5	385	1873090
385	385	2196200
387.5	385	1564020
390	385	623830
392.5	385	123970
395	385	19420
397.5	385	13410
400	385	8960
402.5	385	7630
405	385	7040
407.5	385	7730
410	385	7190
412.5	385	6310
415	385	5740
417.5	385	4970
420	385	4520
422.5	385	3740
425	385	3800
427.5	385	4510
430	385	10540
432.5	385	27090
435	385	62030
437.5	385	109690
440	385	159910
442.5	385	182380
445	385	161610
447.5	385	113840
450	385	61140
452.5	385	26380
455	385	10610
457.5	385	6320
460	385	4330
462.5	385	3000
465	385	2440
467.5	385	2350
470	385	1740
472.5	385	1910
475	385	1630
477.5	385	1380
480	385	1720
482.5	385	1470
485	385	1360
487.5	385	1120
490	385	1260
492.5	385	1310
495	385	1350
497.5	385	1110
500	385	1160
502.5	385	1150
505	385	1300
507.5	385	1040
510	385	1080
512.5	385	1070
515	385	1130
517.5	385	1130
520	385	830
522.5	385	1120
525	385	1130
527.5	385	1040
530	385	880
532.5	385	1030
535	385	900
537.5	385	1000
540	385	870
542.5	385	870
545	385	700
547.5	385	910
550	385	530
250	390	630
252.5	390	500
255	390	670
257.5	390	520
260	390	490
262.5	390	580
265	390	570
267.5	390	550
270	390	660
272.5	390	460
275	390	540
277.5	390	510
280	390	480
282.5	390	660
285	390	620
287.5	390	530
290	390	570
292.5	390	520
295	390	560
297.5	390	600
300	390	520
302.5	390	670
305	390	510
307.5	390	580
310	390	500
312.5	390	510
315	390	490
317.5	390	640
320	390	610
322.5	390	740
325	390	750
327.5	390	790
330	390	680
332.5	390	610
335	390	780
337.5	390	620
340	390	580
342.5	390	770
345	390	870
347.5	390	770
350	390	880
352.5	390	940
355	390	970
357.5	390	1050
360	390	780
362.5	390	920
365	390	1210
367.5	390	1230
370	390	1130
372.5	390	1570
375	390	1730
377.5	390	3060
380	390	19210
382.5	390	213250
385	390	909170
387.5	390	1867450
390	390	2242850
392.5	390	1606110
395	390	622260
397.5	390	117300
400	390	20060
402.5	390	12550
405	390	9220
407.5	390	7850
410	390	7400
412.5	390	6940
415	390	6750
417.5	390	6700
420	390	6110
422.5	390	5420
425	390	4890
427.5	390	4190
430	390	3690
432.5	390	3820
435	390	5600
437.5	390	14130
440	390	33250
442.5	390	70410
445	390	114570
447.5	390	155910
450	390	169410
452.5	390	137230
455	390	88000
457.5	390	44280
460	390	19510
462.5	390	8720
465	390	5030
467.5	390	3940
470	390	3160
472.5	390	2200
475	390	1970
477.5	390	1770
480	390	1890
482.5	390	1380
485	390	1240
487.5	390	1550
490	390	1390
492.5	390	1460
495	390	1360
497.5	390	1380
500	390	1260
502.5	390	1260
505	390	1400
507.5	390	1310
510	390	1170
512.5	390	880
515	390	1070
517.5	390	1160
520	390	950
522.5	390	1220
525	390	1100
527.5	390	1020
530	390	910
532.5	390	1060
535	390	920
537.5	390	890
540	390	1020
542.5	390	960
545	390	750
547.5	390	780
550	390	740
250	395	600
252.5	395	530
255	395	550
257.5	395	620
260	395	660
262.5	395	740
265	395	460
267.5	395	460
270	395	440
272.5	395	640
275	395	590
277.5	395	520
280	395	500
282.5	395	560
285	395	510
287.5	395	520
290	395	580
292.5	395	590
295	395	400
297.5	395	680
300	395	490
302.5	395	520
305	395	490
307.5	395	490
310	395	650
312.5	395	560
315	395	550
317.5	395	630
320	395	520
322.5	395	660
325	395	560
327.5	395	840
330	395	730
332.5	395	620
335	395	620
337.5	395	590
340	395	630
342.5	395	710
345	395	850
347.5	395	840
350	395	710
352.5	395	980
355	395	710
357.5	395	950
360	395	750
362.5	395	1060
365	395	1060
367.5	395	940
370	395	1140
372.5	395	1060
375	395	1250
377.5	395	1590
380	395	1820
382.5	395	2950
385	395	20190
387.5	395	224490
390	395	970720
392.5	395	1987290
395	395	2329300
397.5	395	1575070
400	395	572580
402.5	395	103840
405	395	18170
407.5	395	11820
410	395	9120
412.5	395	7270
415	395	6920
417.5	395	6910
420	395	7070
422.5	395	6690
425	395	5810
427.5	395	5040
430	395	5020
432.5	395	4460
435	395	3730
437.5	395	3470
440	395	4420
442.5	395	7700
445	395	18730
447.5	395	45360
450	395	86800
452.5	395	129470
455	395	157330
457.5	395	148610
460	395	111750
462.5	395	66050
465	395	31270
467.5	395	13310
470	395	6730
472.5	395	5310
475	395	3770
477.5	395	2840
480	395	2720
482.5	395	1890
485	395	1810
487.5	395	1600
490	395	1540
492.5	395	1460
495	395	1420
497.5	395	1520
500	395	1560
502.5	395	1430
505	395	1450
507.5	395	1190
510	395	980
512.5	395	1340
515	395	1280
517.5	395	1020
520	395	1130
522.5	395	1080
525	395	1050
527.5	395	960
530	395	1000
532.5	395	950
535	395	900
537.5	395	950
540	395	930
542.5	395	930
545	395	900
547.5	395	880
550	395	960
250	400	520
252.5	400	480
255	400	560
257.5	400	590
260	400	660
262.5	400	630
265	400	510
267.5	400	450
270	400	580
272.5	400	590
275	400	550
277.5	400	620
280	400	560
282.5	400	720
285	400	450
287.5	400	640
290	400	690
292.5	400	390
295	400	670
297.5	400	580
300	400	510
302.5	400	670
305	400	630
307.5	400	730
310	400	610
312.5	400	550
315	400	600
317.5	400	580
320	400	720
322.5	400	570
325	400	750
327.5	400	540
330	400	590
332.5	400	770
335	400	580
337.5	400	640
340	400	630
342.5	400	800
345	400	590
347.5	400	670
350	400	790
352.5	400	530
355	400	1020
357.5	400	870
360	400	880
362.5	400	840
365	400	830
367.5	400	820
370	400	850
372.5	400	890
375	400	1060
377.5	400	1010
380	400	1150
382.5	400	1450
385	400	1950
387.5	400	3150
390	400	22550
392.5	400	272800
395	400	1077100
397.5	400	2072180
400	400	2247210
402.5	400	1422610
405	400	493020
407.5	400	88410
410	400	15960
412.5	400	11630
415	400	7890
417.5	400	6870
420	400	6410
422.5	400	6330
425	400	6230
427.5	400	6550
430	400	5560
432.5	400	4580
435	400	4540
437.5	400	4200
440	400	4030
442.5	400	3420
445	400	3680
447.5	400	4590
450	400	11750
452.5	400	29450
455	400	60220
457.5	400	98680
460	400	131160
462.5	400	139230
465	400	118730
467.5	400	80680
470	400	44470
472.5	400	20680
475	400	9630
477.5	400	5290
480	400	4180
482.5	400	3300
485	400	2610
487.5	400	2080
490	400	1870
492.5	400	1680
495	400	1480
497.5	400	1640
500	400	1440
502.5	400	1440
505	400	1310
507.5	400	1460
510	400	1060
512.5	400	1350
515	400	1060
517.5	400	1170
520	400	1120
522.5	400	1180
525	400	1030
527.5	400	1070
530	400	1040
532.5	400	1040
535	400	1060
537.5	400	1000
540	400	900
542.5	400	910
545	400	940
547.5	400	1130
550	400	920
250	405	440
252.5	405	520
255	405	680
257.5	405	490
260	405	620
262.5	405	460
265	405	530
267.5	405	550
270	405	490
272.5	405	490
275	405	430
277.5	405	510
280	405	690
282.5	405	630
285	405	420
287.5	405	470
290	405	470
292.5	405	560
295	405	590
297.5	405	560
300	405	590
302.5	405	540
305	405	410
307.5	405	590
310	405	530
312.5	405	670
315	405	550
317.5	405	490
320	405	760
322.5	405	630
325	405	510
327.5	405	670
330	405	720
332.5	405	720
335	405	630
337.5	405	550
340	405	680
342.5	405	570
345	405	630
347.5	405	740
350	405	660
352.5	405	810
355	405	700
357.5	405	850
360	405	860
362.5	405	830
365	405	800
367.5	405	860
370	405	870
372.5	405	1020
375	405	860
377.5	405	1030
380	405	1060
382.5	405	920
385	405	990
387.5	405	1460
390	405	1760
392.5	405	3170
395	405	27390
397.5	405	298340
400	405	1099410
402.5	405	2032800
405	405	2167460
407.5	405	1367390
410	405	463440
412.5	405	85680
415	405	15990
417.5	405	10630
420	405	8090
422.5	405	7160
425	405	5720
427.5	405	5810
430	405	6180
432.5	405	6360
435	405	5570
437.5	405	5010
440	405	4440
442.5	405	3940
445	405	3890
447.5	405	3280
450	405	3090
452.5	405	4110
455	405	6310
457.5	405	15120
460	405	35000
462.5	405	65630
465	405	97340
467.5	405	120820
470	405	120940
472.5	405	96720
475	405	60840
477.5	405	33890
480	405	15240
482.5	405	7210
485	405	4750
487.5	405	3790
490	405	2760
492.5	405	2540
495	405	1880
497.5	405	2110
500	405	1420
502.5	405	1440
505	405	1290
507.5	405	1630
510	405	1320
512.5	405	1300
515	405	1260
517.5	405	1210
520	405	1230
522.5	405	1010
525	405	850
527.5	405	950
530	405	950
532.5	405	1100
535	405	1050
537.5	405	900
540	405	830
542.5	405	810
545	405	890
547.5	405	790
550	405	860
250	410	590
252.5	410	480
255	410	540
257.5	410	540
260	410	540
262.5	410	330
265	410	540
267.5	410	370
270	410	560
272.5	410	610
275	410	650
277.5	410	500
280	410	490
282.5	410	590
285	410	620
287.5	410	640
290	410	460
292.5	410	540
295	410	460
297.5	410	490
300	410	530
302.5	410	680
305	410	700
307.5	410	600
310	410	480
312.5	410	550
315	410	570
317.5	410	550
320	410	610
322.5	410	690
325	410	760
327.5	410	650
330	410	430
332.5	410	680
335	410	700
337.5	410	570
340	410	760
342.5	410	630
345	410	540
347.5	410	630
350	410	680
352.5	410	640
355	410	670
357.5	410	690
360	410	810
362.5	410	790
365	410	860
367.5	410	1000
370	410	810
372.5	410	870
375	410	770
377.5	410	830
380	410	920
382.5	410	1080
385	410	980
387.5	410	1020
390	410	1190
392.5	410	1470
395	410	2290
397.5	410	3410
400	410	33360
402.5	410	334550
405	410	1192410
407.5	410	2094710
410	410	2186030
412.5	410	1378010
415	410	477510
417.5	410	86370
420	410	15130
422.5	410	10500
425	410	8150
427.5	410	6450
430	410	5940
432.5	410	5070
435	410	5650
437.5	410	6280
440	410	5220
442.5	410	5050
445	410	3990
447.5	410	4110
450	410	3900
452.5	410	3270
455	410	2720
457.5	410	2940
460	410	3820
462.5	410	8800
465	410	20370
467.5	410	42370
470	410	71140
472.5	410	100750
475	410	112470
477.5	410	105580
480	410	82420
482.5	410	51300
485	410	26230
487.5	410	11610
490	410	5810
492.5	410	4480
495	410	3280
497.5	410	3000
500	410	2250
502.5	410	1720
505	410	1440
507.5	410	1640
510	410	1340
512.5	410	1350
515	410	1310
517.5	410	1560
520	410	1190
522.5	410	1110
525	410	1130
527.5	410	890
530	410	950
532.5	410	1120
535	410	1040
537.5	410	890
540	410	810
542.5	410	870
545	410	830
547.5	410	840
550	410	860
250	415	600
252.5	415	510
255	415	530
257.5	415	510
260	415	580
262.5	415	450
265	415	580
267.5	415	490
270	415	480
272.5	415	510
275	415	640
277.5	415	500
280	415	500
282.5	415	660
285	415	690
287.5	415	610
290	415	510
292.5	415	640
295	415	530
297.5	415	550
300	415	630
302.5	415	560
305	415	440
307.5	415	620
310	415	460
312.5	415	500
315	415	550
317.5	415	600
320	415	590
322.5	415	750
325	415	500
327.5	415	560
330	415	640
332.5	415	550
335	415	650
337.5	415	540
340	415	550
342.5	415	720
345	415	650
347.5	415	540
350	415	800
352.5	415	760
355	415	730
357.5	415	630
360	415	740
362.5	415	600
365	415	640
367.5	415	650
370	415	680
372.5	415	960
375	415	670
377.5	415	770
380	415	830
382.5	415	790
385	415	900
387.5	415	980
390	415	1020
392.5	415	1010
395	415	1180
397.5	415	1470
400	415	2080
402.5	415	3560
405	415	37790
407.5	415	348890
410	415	1192340
412.5	415	2086910
415	415	2198360
417.5	415	1435990
420	415	539340
422.5	415	108390
425	415	16460
427.5	415	10360
430	415	7450
432.5	415	6120
435	415	5340
437.5	415	4950
440	415	5520
442.5	415	5070
445	415	4850
447.5	415	4850
450	415	3900
452.5	415	3730
455	415	3840
457.5	415	3170
460	415	2990
462.5	415	2810
465	415	3050
467.5	415	5410
470	415	10910
472.5	415	23550
475	415	45190
477.5	415	68760
480	415	92190
482.5	415	99540
485	415	88420
487.5	415	66630
490	415	39300
492.5	415	19390
495	415	9010
497.5	415	5180
500	415	3340
502.5	415	2740
505	415	2540
507.5	415	2060
510	415	1730
512.5	415	1620
515	415	1390
517.5	415	1360
520	415	1270
522.5	415	1330
525	415	1160
527.5	415	1220
530	415	980
532.5	415	1050
535	415	1000
537.5	415	970
540	415	810
542.5	415	820
545	415	870
547.5	415	830
550	415	820
250	420	680
252.5	420	600
255	420	590
257.5	420	520
260	420	540
262.5	420	400
265	420	470
267.5	420	430
270	420	620
272.5	420	520
275	420	490
277.5	420	580
280	420	600
282.5	420	650
285	420	430
287.5	420	470
290	420	490
292.5	420	640
295	420	470
297.5	420	560
300	420	550
302.5	420	690
305	420	610
307.5	420	600
310	420	620
312.5	420	520
315	420	600
317.5	420	490
320	420	440
322.5	420	650
325	420	590
327.5	420	580
330	420	690
332.5	420	560
335	420	620
337.5	420	650
340	420	580
342.5	420	510
345	420	690
347.5	420	590
350	420	730
352.5	420	580
355	420	710
357.5	420	540
360	420	580
362.5	420	710
365	420	720
367.5	420	800
370	420	680
372.5	420	830
375	420	820
377.5	420	760
380	420	960
382.5	420	840
385	420	750
387.5	420	830
390	420	920
392.5	420	990
395	420	960
397.5	420	1130
400	420	1290
402.5	420	1620
405	420	2110
407.5	420	3620
410	420	41670
412.5	420	356810
415	420	1226680
417.5	420	2146770
420	420	2296380
422.5	420	1493340
425	420	555390
427.5	420	97700
430	420	14760
432.5	420	9880
435	420	8030
437.5	420	6150
440	420	5170
442.5	420	4880
445	420	4990
447.5	420	4970
450	420	4780
452.5	420	4560
455	420	4110
457.5	420	3750
460	420	3550
462.5	420	3250
465	420	3150
467.5	420	2440
470	420	2610
472.5	420	3650
475	420	5460
477.5	420	12310
480	420	26860
482.5	420	45910
485	420	70500
487.5	420	85320
490	420	89650
492.5	420	76940
495	420	53710
497.5	420	30800
500	420	14790
502.5	420	6940
505	420	4420
507.5	420	3180
510	420	2710
512.5	420	2080
515	420	1830
517.5	420	1440
520	420	1540
522.5	420	1410
525	420	1280
527.5	420	1120
530	420	1090
532.5	420	920
535	420	1190
537.5	420	1020
540	420	1060
542.5	420	900
545	420	770
547.5	420	920
550	420	830
250	425	580
252.5	425	520
255	425	560
257.5	425	460
260	425	490
262.5	425	560
265	425	570
267.5	425	540
270	425	540
272.5	425	580
275	425	500
277.5	425	410
280	425	560
282.5	425	450
285	425	450
287.5	425	590
290	425	530
292.5	425	520
295	425	590
297.5	425	620
300	425	660
302.5	425	560
305	425	580
307.5	425	590
310	425	650
312.5	425	650
315	425	530
317.5	425	530
320	425	660
322.5	425	620
325	425	570
327.5	425	610
330	425	830
332.5	425	690
335	425	520
337.5	425	660
340	425	590
342.5	425	560
345	425	620
347.5	425	620
350	425	790
352.5	425	620
355	425	760
357.5	425	650
360	425	580
362.5	425	550
365	425	590
367.5	425	700
370	425	580
372.5	425	830
375	425	790
377.5	425	740
380	425	840
382.5	425	640
385	425	710
387.5	425	820
390	425	700
392.5	425	830
395	425	950
397.5	425	970
400	425	1100
402.5	425	1090
405	425	1230
407.5	425	1190
410	425	2020
412.5	425	3590
415	425	38140
417.5	425	337140
420	425	1158690
422.5	425	2052720
425	425	2229540
427.5	425	1461530
430	425	536260
432.5	425	97260
435	425	14290
437.5	425	8850
440	425	7920
442.5	425	5500
445	425	4630
447.5	425	4640
450	425	4580
452.5	425	4830
455	425	4360
457.5	425	3930
460	425	3740
462.5	425	3450
465	425	3320
467.5	425	3170
470	425	2650
472.5	425	2440
475	425	2260
477.5	425	2430
480	425	3680
482.5	425	6460
485	425	12940
487.5	425	25730
490	425	45350
492.5	425	63020
495	425	74500
497.5	425	75310
500	425	62700
502.5	425	41110
505	425	22510
507.5	425	10250
510	425	5190
512.5	425	3310
515	425	2960
517.5	425	2300
520	425	2000
522.5	425	1660
525	425	1290
527.5	425	1100
530	425	910
532.5	425	1160
535	425	1100
537.5	425	710
540	425	740
542.5	425	910
545	425	1160
547.5	425	890
550	425	760
250	430	440
252.5	430	480
255	430	450
257.5	430	520
260	430	400
262.5	430	480
265	430	470
267.5	430	530
270	430	560
272.5	430	460
275	430	480
277.5	430	540
280	430	410
282.5	430	600
285	430	490
287.5	430	540
290	430	550
292.5	430	590
295	430	560
297.5	430	610
300	430	660
302.5	430	480
305	430	460
307.5	430	500
310	430	640
312.5	430	500
315	430	600
317.5	430	650
320	430	610
322.5	430	620
325	430	570
327.5	430	600
330	430	620
332.5	430	500
335	430	680
337.5	430	640
340	430	580
342.5	430	710
345	430	610
347.5	430	460
350	430	660
352.5	430	500
355	430	680
357.5	430	690
360	430	720
362.5	430	600
365	430	580
367.5	430	460
370	430	620
372.5	430	570
375	430	640
377.5	430	620
380	430	690
382.5	430	780
385	430	780
387.5	430	770
390	430	890
392.5	430	840
395	430	670
397.5	430	860
400	430	1030
402.5	430	1060
405	430	950
407.5	430	1060
410	430	1390
412.5	430	1480
415	430	1700
417.5	430	3570
420	430	36160
422.5	430	302150
425	430	1046470
427.5	430	1972010
430	430	2199770
432.5	430	1479680
435	430	553050
437.5	430	95430
440	430	13520
442.5	430	9500
445	430	7850
447.5	430	6000
450	430	4610
452.5	430	4170
455	430	3600
457.5	430	3760
460	430	4330
462.5	430	4080
465	430	3830
467.5	430	3030
470	430	3180
472.5	430	2650
475	430	2760
477.5	430	2550
480	430	2150
482.5	430	2190
485	430	2500
487.5	430	3520
490	430	6810
492.5	430	14880
495	430	27600
497.5	430	42760
500	430	58810
502.5	430	67550
505	430	62390
507.5	430	51670
510	430	30850
512.5	430	15910
515	430	7370
517.5	430	4040
520	430	2850
522.5	430	2520
525	430	1850
527.5	430	1620
530	430	1480
532.5	430	1180
535	430	1100
537.5	430	1130
540	430	980
542.5	430	860
545	430	810
547.5	430	890
550	430	990
250	435	470
252.5	435	470
255	435	430
257.5	435	520
260	435	510
262.5	435	580
265	435	480
267.5	435	470
270	435	440
272.5	435	410
275	435	580
277.5	435	500
280	435	490
282.5	435	610
285	435	510
287.5	435	500
290	435	550
292.5	435	550
295	435	690
297.5	435	690
300	435	720
302.5	435	610
305	435	610
307.5	435	580
310	435	620
312.5	435	660
315	435	610
317.5	435	590
320	435	430
322.5	435	650
325	435	540
327.5	435	570
330	435	520
332.5	435	430
335	435	650
337.5	435	660
340	435	630
342.5	435	560
345	435	430
347.5	435	620
350	435	560
352.5	435	500
355	435	530
357.5	435	620
360	435	680
362.5	435	530
365	435	650
367.5	435	590
370	435	480
372.5	435	620
375	435	570
377.5	435	690
380	435	770
382.5	435	730
385	435	690
387.5	435	650
390	435	870
392.5	435	780
395	435	1030
397.5	435	1010
400	435	760
402.5	435	860
405	435	1020
407.5	435	960
410	435	850
412.5	435	990
415	435	1140
417.5	435	1570
420	435	1950
422.5	435	3170
425	435	24450
427.5	435	250030
430	435	970600
432.5	435	1916220
435	435	2236720
437.5	435	1563200
440	435	602330
442.5	435	108910
445	435	13330
447.5	435	8690
450	435	6470
452.5	435	5840
455	435	4600
457.5	435	3830
460	435	3700
462.5	435	3680
465	435	4260
467.5	435	3890
470	435	3560
472.5	435	3100
475	435	2850
477.5	435	2660
480	435	2840
482.5	435	2320
485	435	1880
487.5	435	1770
490	435	2080
492.5	435	2590
495	435	3800
497.5	435	7260
500	435	15220
502.5	435	27990
505	435	43680
507.5	435	54440
510	435	59600
512.5	435	53520
515	435	39440
517.5	435	23980
520	435	12120
522.5	435	6130
525	435	3460
527.5	435	2630
530	435	2170
532.5	435	1730
535	435	1450
537.5	435	1390
540	435	1030
542.5	435	1060
545	435	1060
547.5	435	1130
550	435	880
250	440	420
252.5	440	500
255	440	400
257.5	440	470
260	440	480
262.5	440	500
265	440	640
267.5	440	450
270	440	490
272.5	440	460
275	440	510
277.5	440	450
280	440	650
282.5	440	480
285	440	460
287.5	440	530
290	440	530
292.5	440	630
295	440	460
297.5	440	560
300	440	480
302.5	440	550
305	440	370
307.5	440	500
310	440	520
312.5	440	320
315	440	570
317.5	440	520
320	440	600
322.5	440	550
325	440	610
327.5	440	610
330	440	780
332.5	440	590
335	440	630
337.5	440	620
340	440	630
342.5	440	520
345	440	500
347.5	440	570
350	440	480
352.5	440	610
355	440	610
357.5	440	610
360	440	490
362.5	440	580
365	440	500
367.5	440	630
370	440	810
372.5	440	600
375	440	500
377.5	440	390
380	440	660
382.5	440	690
385	440	730
387.5	440	680
390	440	610
392.5	440	880
395	440	690
397.5	440	820
400	440	890
402.5	440	760
405	440	730
407.5	440	750
410	440	930
412.5	440	960
415	440	1060
417.5	440	1030
420	440	1110
422.5	440	1360
425	440	1780
427.5	440	2750
430	440	17360
432.5	440	214270
435	440	906370
437.5	440	1876270
440	440	2251720
442.5	440	1595580
445	440	623030
447.5	440	116720
450	440	13230
452.5	440	8100
455	440	6290
457.5	440	4940
460	440	3760
462.5	440	3870
465	440	3470
467.5	440	3210
470	440	3490
472.5	440	3770
475	440	3250
477.5	440	3310
480	440	2950
482.5	440	2760
485	440	2440
487.5	440	2520
490	440	2100
492.5	440	1900
495	440	1850
497.5	440	2000
500	440	2720
502.5	440	4320
505	440	8480
507.5	440	16750
510	440	27980
512.5	440	41010
515	440	50950
517.5	440	51000
520	440	46040
522.5	440	33630
525	440	19820
527.5	440	10780
530	440	5210
532.5	440	2930
535	440	2210
537.5	440	2020
540	440	1540
542.5	440	1210
545	440	1150
547.5	440	910
550	440	930
250	445	410
252.5	445	450
255	445	630
257.5	445	470
260	445	570
262.5	445	410
265	445	580
267.5	445	410
270	445	460
272.5	445	590
275	445	530
277.5	445	490
280	445	520
282.5	445	580
285	445	670
287.5	445	660
290	445	560
292.5	445	500
295	445	520
297.5	445	630
300	445	450
302.5	445	520
305	445	490
307.5	445	590
310	445	620
312.5	445	570
315	445	740
317.5	445	530
320	445	460
322.5	445	610
325	445	610
327.5	445	460
330	445	450
332.5	445	590
335	445	420
337.5	445	580
340	445	730
342.5	445	540
345	445	500
347.5	445	670
350	445	630
352.5	445	530
355	445	690
357.5	445	670
360	445	550
362.5	445	640
365	445	590
367.5	445	700
370	445	650
372.5	445	720
375	445	640
377.5	445	500
380	445	600
382.5	445	630
385	445	770
387.5	445	730
390	445	570
392.5	445	770
395	445	620
397.5	445	640
400	445	810
402.5	445	770
405	445	770
407.5	445	840
410	445	710
412.5	445	830
415	445	680
417.5	445	710
420	445	830
422.5	445	870
425	445	1280
427.5	445	1290
430	445	1720
432.5	445	2600
435	445	14000
437.5	445	183120
440	445	822480
442.5	445	1773400
445	445	2196630
447.5	445	1623540
450	445	649000
452.5	445	123420
455	445	12920
457.5	445	7820
460	445	5600
462.5	445	5020
465	445	4140
467.5	445	3360
470	445	3140
472.5	445	3040
475	445	3270
477.5	445	3290
480	445	2970
482.5	445	2820
485	445	2500
487.5	445	2040
490	445	2510
492.5	445	2340
495	445	2040
497.5	445	1930
500	445	1390
502.5	445	1540
505	445	1660
507.5	445	2480
510	445	4850
512.5	445	9490
515	445	17020
517.5	445	28410
520	445	38840
522.5	445	44930
525	445	44970
527.5	445	39350
530	445	28910
532.5	445	17290
535	445	9340
537.5	445	4380
540	445	2700
542.5	445	2190
545	445	1670
547.5	445	1550
550	445	1230
250	450	390
252.5	450	540
255	450	520
257.5	450	460
260	450	550
262.5	450	570
265	450	600
267.5	450	520
270	450	480
272.5	450	460
275	450	380
277.5	450	730
280	450	540
282.5	450	430
285	450	600
287.5	450	440
290	450	530
292.5	450	460
295	450	520
297.5	450	410
300	450	500
302.5	450	500
305	450	430
307.5	450	500
310	450	510
312.5	450	580
315	450	450
317.5	450	570
320	450	640
322.5	450	640
325	450	630
327.5	450	440
330	450	650
332.5	450	740
335	450	550
337.5	450	670
340	450	690
342.5	450	600
345	450	740
347.5	450	640
350	450	520
352.5	450	520
355	450	610
357.5	450	510
360	450	510
362.5	450	630
365	450	580
367.5	450	540
370	450	570
372.5	450	570
375	450	680
377.5	450	680
380	450	700
382.5	450	690
385	450	640
387.5	450	540
390	450	570
392.5	450	2760
395	450	630
397.5	450	710
400	450	640
402.5	450	670
405	450	800
407.5	450	780
410	450	960
412.5	450	780
415	450	950
417.5	450	890
420	450	660
422.5	450	1000
425	450	940
427.5	450	990
430	450	1020
432.5	450	1110
435	450	1950
437.5	450	2890
440	450	13210
442.5	450	183950
445	450	922170
447.5	450	2027940
450	450	2463290
452.5	450	1632060
455	450	565450
457.5	450	88430
460	450	12510
462.5	450	8010
465	450	6260
467.5	450	4940
470	450	4420
472.5	450	3650
475	450	3540
477.5	450	3060
480	450	2990
482.5	450	3490
485	450	3380
487.5	450	3170
490	450	2530
492.5	450	2630
495	450	2710
497.5	450	2380
500	450	2000
502.5	450	1950
505	450	1640
507.5	450	1850
510	450	1610
512.5	450	1910
515	450	2920
517.5	450	5660
520	450	11440
522.5	450	19530
525	450	29650
527.5	450	39270
530	450	45200
532.5	450	43810
535	450	34560
537.5	450	25640
540	450	14700
542.5	450	7890
545	450	3830
547.5	450	2500
550	450	1930
