EM wavelength	EX wavelength	S1
nm	nm	CPS
250	240	420
252.5	240	430
255	240	570
257.5	240	930
260	240	1310
262.5	240	1530
265	240	1280
267.5	240	990
270	240	390
272.5	240	490
275	240	480
277.5	240	470
280	240	480
282.5	240	600
285	240	900
287.5	240	1140
290	240	1170
292.5	240	1420
295	240	1800
297.5	240	2060
300	240	2550
302.5	240	2580
305	240	2830
307.5	240	2810
310	240	3140
312.5	240	3280
315	240	3090
317.5	240	3390
320	240	3210
322.5	240	3260
325	240	3130
327.5	240	2700
330	240	2900
332.5	240	3060
335	240	2990
337.5	240	3320
340	240	2860
342.5	240	2810
345	240	2800
347.5	240	2940
350	240	3110
352.5	240	3110
355	240	3040
357.5	240	3960
360	240	4430
362.5	240	5730
365	240	6730
367.5	240	7810
370	240	9240
372.5	240	11810
375	240	13480
377.5	240	15870
380	240	19120
382.5	240	22210
385	240	24840
387.5	240	27100
390	240	30150
392.5	240	31230
395	240	33500
397.5	240	34740
400	240	35880
402.5	240	36940
405	240	37360
407.5	240	37670
410	240	35510
412.5	240	34880
415	240	35690
417.5	240	35320
420	240	32650
422.5	240	32760
425	240	30170
427.5	240	29820
430	240	28210
432.5	240	27020
435	240	26460
437.5	240	24270
440	240	22780
442.5	240	21060
445	240	20250
447.5	240	17900
450	240	16420
452.5	240	15710
455	240	14260
457.5	240	13170
460	240	12270
462.5	240	11160
465	240	10310
467.5	240	9950
470	240	8960
472.5	240	9690
475	240	10210
477.5	240	11380
480	240	12790
482.5	240	13150
485	240	11610
487.5	240	9060
490	240	6740
492.5	240	5030
495	240	4290
497.5	240	3380
500	240	3170
502.5	240	3160
505	240	2680
507.5	240	2290
510	240	2420
512.5	240	2160
515	240	2380
517.5	240	2880
520	240	3340
522.5	240	3460
525	240	3810
527.5	240	3240
530	240	2960
532.5	240	2020
535	240	1620
537.5	240	1370
540	240	1360
542.5	240	950
545	240	1080
547.5	240	1000
550	240	780
250	245	1520
252.5	245	480
255	245	520
257.5	245	530
260	245	1080
262.5	245	1960
265	245	3110
267.5	245	3520
270	245	3070
272.5	245	1960
275	245	1040
277.5	245	870
280	245	740
282.5	245	970
285	245	1030
287.5	245	1610
290	245	2180
292.5	245	2440
295	245	3320
297.5	245	3980
300	245	4220
302.5	245	4690
305	245	5490
307.5	245	5940
310	245	6580
312.5	245	6230
315	245	6290
317.5	245	6130
320	245	6460
322.5	245	6260
325	245	5800
327.5	245	6230
330	245	5830
332.5	245	5610
335	245	5480
337.5	245	5130
340	245	4890
342.5	245	5150
345	245	4650
347.5	245	5060
350	245	4410
352.5	245	5030
355	245	4950
357.5	245	5420
360	245	5700
362.5	245	6380
365	245	7630
367.5	245	8040
370	245	9360
372.5	245	10940
375	245	12370
377.5	245	15400
380	245	16840
382.5	245	19130
385	245	22390
387.5	245	24110
390	245	26610
392.5	245	27650
395	245	28810
397.5	245	29920
400	245	30920
402.5	245	31740
405	245	31500
407.5	245	32210
410	245	32090
412.5	245	31450
415	245	30960
417.5	245	29510
420	245	28420
422.5	245	28830
425	245	27610
427.5	245	26250
430	245	26160
432.5	245	24460
435	245	24140
437.5	245	21610
440	245	21200
442.5	245	19180
445	245	19080
447.5	245	17410
450	245	16630
452.5	245	14680
455	245	14340
457.5	245	13100
460	245	11880
462.5	245	11050
465	245	10110
467.5	245	10300
470	245	9000
472.5	245	8290
475	245	8400
477.5	245	7990
480	245	8660
482.5	245	10250
485	245	14030
487.5	245	18410
490	245	20810
492.5	245	21450
495	245	19190
497.5	245	13150
500	245	8420
502.5	245	4990
505	245	3480
507.5	245	3100
510	245	2850
512.5	245	2820
515	245	2560
517.5	245	2270
520	245	2340
522.5	245	2570
525	245	2680
527.5	245	3750
530	245	4740
532.5	245	5400
535	245	5880
537.5	245	5420
540	245	5700
542.5	245	4280
545	245	3300
547.5	245	2690
550	245	1810
250	250	10220
252.5	250	6480
255	250	2490
257.5	250	760
260	250	430
262.5	250	620
265	250	1500
267.5	250	3140
270	250	6670
272.5	250	8260
275	250	7690
277.5	250	5490
280	250	3130
282.5	250	2160
285	250	2140
287.5	250	3110
290	250	3360
292.5	250	4930
295	250	6150
297.5	250	6670
300	250	7970
302.5	250	8820
305	250	9340
307.5	250	9870
310	250	10400
312.5	250	11570
315	250	11400
317.5	250	11030
320	250	11300
322.5	250	10510
325	250	10050
327.5	250	9930
330	250	9600
332.5	250	9890
335	250	8440
337.5	250	8400
340	250	8320
342.5	250	7670
345	250	7260
347.5	250	7680
350	250	6560
352.5	250	7150
355	250	6820
357.5	250	6910
360	250	7160
362.5	250	7120
365	250	7480
367.5	250	8550
370	250	9950
372.5	250	10700
375	250	11850
377.5	250	13380
380	250	14540
382.5	250	16340
385	250	18560
387.5	250	20130
390	250	22100
392.5	250	23480
395	250	23560
397.5	250	25200
400	250	26100
402.5	250	26140
405	250	26060
407.5	250	26450
410	250	26340
412.5	250	27450
415	250	27190
417.5	250	25130
420	250	25750
422.5	250	25980
425	250	24480
427.5	250	23510
430	250	21960
432.5	250	22770
435	250	22360
437.5	250	20970
440	250	19950
442.5	250	19100
445	250	18390
447.5	250	17170
450	250	15900
452.5	250	15140
455	250	14090
457.5	250	12620
460	250	12940
462.5	250	11650
465	250	10930
467.5	250	10220
470	250	9230
472.5	250	9020
475	250	8280
477.5	250	7360
480	250	7210
482.5	250	6890
485	250	5950
487.5	250	6750
490	250	7970
492.5	250	12490
495	250	18380
497.5	250	25400
500	250	31890
502.5	250	32500
505	250	25570
507.5	250	17350
510	250	10180
512.5	250	5530
515	250	3180
517.5	250	3080
520	250	2910
522.5	250	2630
525	250	2760
527.5	250	2110
530	250	2230
532.5	250	2590
535	250	3400
537.5	250	4280
540	250	5590
542.5	250	7660
545	250	8890
547.5	250	10200
550	250	9300
250	255	10620
252.5	255	18170
255	255	20450
257.5	255	13410
260	255	5820
262.5	255	1650
265	255	980
267.5	255	1060
270	255	1970
272.5	255	5710
275	255	10410
277.5	255	16340
280	255	16340
282.5	255	12840
285	255	8320
287.5	255	6650
290	255	7300
292.5	255	8840
295	255	10580
297.5	255	11620
300	255	12930
302.5	255	14280
305	255	15750
307.5	255	16430
310	255	17320
312.5	255	17500
315	255	17210
317.5	255	17450
320	255	16890
322.5	255	15720
325	255	16020
327.5	255	15570
330	255	14990
332.5	255	13720
335	255	12990
337.5	255	11880
340	255	11990
342.5	255	10960
345	255	10270
347.5	255	9770
350	255	9440
352.5	255	9250
355	255	8990
357.5	255	9090
360	255	9780
362.5	255	9790
365	255	10610
367.5	255	11130
370	255	12640
372.5	255	13670
375	255	15570
377.5	255	17610
380	255	18660
382.5	255	21550
385	255	24400
387.5	255	26280
390	255	28220
392.5	255	29980
395	255	31560
397.5	255	32850
400	255	31860
402.5	255	35010
405	255	34770
407.5	255	34260
410	255	34000
412.5	255	34510
415	255	33100
417.5	255	33750
420	255	33360
422.5	255	31500
425	255	31370
427.5	255	30270
430	255	29490
432.5	255	27060
435	255	26400
437.5	255	26780
440	255	24690
442.5	255	23460
445	255	22640
447.5	255	20540
450	255	19680
452.5	255	17530
455	255	17000
457.5	255	15820
460	255	15230
462.5	255	13970
465	255	13350
467.5	255	12350
470	255	11200
472.5	255	10810
475	255	9770
477.5	255	9520
480	255	9060
482.5	255	8890
485	255	7790
487.5	255	7620
490	255	6510
492.5	255	6050
495	255	6420
497.5	255	7220
500	255	9960
502.5	255	18660
505	255	29030
507.5	255	42070
510	255	50550
512.5	255	46770
515	255	38550
517.5	255	25000
520	255	12270
522.5	255	5770
525	255	3550
527.5	255	3240
530	255	3020
532.5	255	2630
535	255	2780
537.5	255	2630
540	255	2710
542.5	255	3030
545	255	3460
547.5	255	5100
550	255	6920
250	260	1290
252.5	260	6870
255	260	20120
257.5	260	35130
260	260	39670
262.5	260	27970
265	260	10900
267.5	260	2590
270	260	1700
272.5	260	1920
275	260	3630
277.5	260	8210
280	260	18020
282.5	260	27060
285	260	33560
287.5	260	30750
290	260	21310
292.5	260	17780
295	260	19080
297.5	260	20210
300	260	22750
302.5	260	23650
305	260	24530
307.5	260	27060
310	260	27660
312.5	260	27710
315	260	27150
317.5	260	26840
320	260	25440
322.5	260	25170
325	260	24440
327.5	260	22160
330	260	22050
332.5	260	19320
335	260	19540
337.5	260	19060
340	260	17310
342.5	260	16060
345	260	14820
347.5	260	14290
350	260	13470
352.5	260	12800
355	260	13050
357.5	260	13390
360	260	13600
362.5	260	14430
365	260	15990
367.5	260	17640
370	260	20430
372.5	260	23100
375	260	27180
377.5	260	31530
380	260	35400
382.5	260	39230
385	260	42760
387.5	260	48000
390	260	51820
392.5	260	54590
395	260	58330
397.5	260	59570
400	260	63540
402.5	260	62360
405	260	62790
407.5	260	63600
410	260	62620
412.5	260	61990
415	260	60000
417.5	260	59080
420	260	57300
422.5	260	56160
425	260	55550
427.5	260	52000
430	260	50880
432.5	260	48060
435	260	46400
437.5	260	44050
440	260	40680
442.5	260	38700
445	260	37100
447.5	260	34200
450	260	31440
452.5	260	28470
455	260	27280
457.5	260	25730
460	260	23730
462.5	260	22390
465	260	20760
467.5	260	19020
470	260	17410
472.5	260	16010
475	260	14980
477.5	260	14500
480	260	12790
482.5	260	12340
485	260	11440
487.5	260	10560
490	260	10620
492.5	260	9290
495	260	8610
497.5	260	8040
500	260	7770
502.5	260	7020
505	260	6620
507.5	260	8340
510	260	14360
512.5	260	27800
515	260	47530
517.5	260	67350
520	260	78450
522.5	260	74990
525	260	58350
527.5	260	37270
530	260	18260
532.5	260	7560
535	260	4170
537.5	260	4260
540	260	3900
542.5	260	3940
545	260	3660
547.5	260	4380
550	260	4120
250	265	490
252.5	265	620
255	265	1970
257.5	265	10530
260	265	34630
262.5	265	67420
265	265	77490
267.5	265	52670
270	265	22510
272.5	265	6060
275	265	3650
277.5	265	4540
280	265	6710
282.5	265	13100
285	265	28040
287.5	265	46720
290	265	63670
292.5	265	62730
295	265	52000
297.5	265	43980
300	265	40650
302.5	265	40100
305	265	41740
307.5	265	42840
310	265	43820
312.5	265	42880
315	265	42250
317.5	265	42410
320	265	41220
322.5	265	38050
325	265	35020
327.5	265	34080
330	265	31510
332.5	265	29120
335	265	27870
337.5	265	26570
340	265	24060
342.5	265	22750
345	265	21000
347.5	265	19830
350	265	19520
352.5	265	18870
355	265	19280
357.5	265	20130
360	265	21760
362.5	265	24950
365	265	28510
367.5	265	32750
370	265	39460
372.5	265	45630
375	265	53930
377.5	265	63480
380	265	72860
382.5	265	83460
385	265	94280
387.5	265	105530
390	265	114280
392.5	265	120370
395	265	127710
397.5	265	130910
400	265	135270
402.5	265	135560
405	265	137300
407.5	265	138660
410	265	135140
412.5	265	133490
415	265	129390
417.5	265	127350
420	265	122870
422.5	265	117490
425	265	114480
427.5	265	109440
430	265	104490
432.5	265	98240
435	265	93180
437.5	265	87640
440	265	82680
442.5	265	76760
445	265	72160
447.5	265	66190
450	265	61840
452.5	265	56610
455	265	54030
457.5	265	49120
460	265	45060
462.5	265	41910
465	265	38790
467.5	265	35780
470	265	32260
472.5	265	30650
475	265	28090
477.5	265	25770
480	265	23620
482.5	265	21310
485	265	20270
487.5	265	19420
490	265	16900
492.5	265	15440
495	265	14660
497.5	265	14180
500	265	12520
502.5	265	11260
505	265	10190
507.5	265	10270
510	265	9530
512.5	265	8260
515	265	7450
517.5	265	10420
520	265	21240
522.5	265	44450
525	265	75770
527.5	265	110380
530	265	126280
532.5	265	121910
535	265	100070
537.5	265	66040
540	265	33570
542.5	265	13330
545	265	6670
547.5	265	6180
550	265	5800
250	270	680
252.5	270	820
255	270	530
257.5	270	780
260	270	2500
262.5	270	17750
265	270	63500
267.5	270	121630
270	270	143670
272.5	270	99810
275	270	40820
277.5	270	11900
280	270	7860
282.5	270	11080
285	270	17160
287.5	270	26910
290	270	49250
292.5	270	78680
295	270	106790
297.5	270	116550
300	270	102450
302.5	270	83540
305	270	72120
307.5	270	66210
310	270	67930
312.5	270	67160
315	270	64230
317.5	270	61040
320	270	58410
322.5	270	55860
325	270	52520
327.5	270	49210
330	270	46370
332.5	270	41480
335	270	38970
337.5	270	36100
340	270	33610
342.5	270	32220
345	270	30510
347.5	270	29840
350	270	29980
352.5	270	27000
355	270	29830
357.5	270	31460
360	270	36330
362.5	270	42990
365	270	53370
367.5	270	64390
370	270	77620
372.5	270	94490
375	270	113630
377.5	270	132550
380	270	158280
382.5	270	182400
385	270	207710
387.5	270	228810
390	270	246340
392.5	270	267110
395	270	280420
397.5	270	288410
400	270	297710
402.5	270	300450
405	270	299900
407.5	270	301110
410	270	298680
412.5	270	293060
415	270	281200
417.5	270	279250
420	270	268360
422.5	270	255890
425	270	245590
427.5	270	233680
430	270	223340
432.5	270	212150
435	270	199040
437.5	270	189700
440	270	176080
442.5	270	168160
445	270	152910
447.5	270	141450
450	270	133860
452.5	270	121300
455	270	110880
457.5	270	102150
460	270	95930
462.5	270	86680
465	270	78840
467.5	270	72230
470	270	66560
472.5	270	59130
475	270	55460
477.5	270	49430
480	270	45990
482.5	270	41160
485	270	39080
487.5	270	35160
490	270	32060
492.5	270	30180
495	270	28140
497.5	270	24980
500	270	21320
502.5	270	21170
505	270	18950
507.5	270	17190
510	270	16230
512.5	270	14670
515	270	13380
517.5	270	12090
520	270	12020
522.5	270	11030
525	270	9510
527.5	270	13450
530	270	27900
532.5	270	56650
535	270	93340
537.5	270	139290
540	270	169450
542.5	270	171160
545	270	138730
547.5	270	93320
550	270	48180
250	275	770
252.5	275	940
255	275	980
257.5	275	920
260	275	940
262.5	275	990
265	275	3490
267.5	275	24950
270	275	91490
272.5	275	191630
275	275	239060
277.5	275	184310
280	275	76910
282.5	275	22300
285	275	18650
287.5	275	28360
290	275	38930
292.5	275	51390
295	275	75090
297.5	275	111950
300	275	150580
302.5	275	170880
305	275	162840
307.5	275	133130
310	275	106940
312.5	275	91020
315	275	85590
317.5	275	79250
320	275	75310
322.5	275	72580
325	275	68420
327.5	275	63580
330	275	57690
332.5	275	54980
335	275	53110
337.5	275	49210
340	275	44830
342.5	275	43320
345	275	40970
347.5	275	38340
350	275	39780
352.5	275	40270
355	275	43610
357.5	275	52860
360	275	60670
362.5	275	76560
365	275	94630
367.5	275	120030
370	275	153230
372.5	275	188870
375	275	228430
377.5	275	270210
380	275	317870
382.5	275	370450
385	275	420860
387.5	275	465310
390	275	509040
392.5	275	546830
395	275	573500
397.5	275	590780
400	275	609240
402.5	275	611540
405	275	608490
407.5	275	614530
410	275	609280
412.5	275	598380
415	275	582450
417.5	275	565400
420	275	548630
422.5	275	526430
425	275	503950
427.5	275	486780
430	275	455190
432.5	275	430400
435	275	403210
437.5	275	391080
440	275	361130
442.5	275	337710
445	275	309930
447.5	275	289560
450	275	264370
452.5	275	242430
455	275	222480
457.5	275	202710
460	275	185350
462.5	275	168850
465	275	156220
467.5	275	140840
470	275	131710
472.5	275	115600
475	275	107840
477.5	275	96730
480	275	89230
482.5	275	81160
485	275	73920
487.5	275	67720
490	275	60830
492.5	275	54790
495	275	49990
497.5	275	46540
500	275	42380
502.5	275	38560
505	275	35790
507.5	275	31350
510	275	29110
512.5	275	26310
515	275	23300
517.5	275	21760
520	275	19950
522.5	275	17760
525	275	16380
527.5	275	15500
530	275	14280
532.5	275	12820
535	275	11840
537.5	275	15180
540	275	32300
542.5	275	68810
545	275	120350
547.5	275	179380
550	275	220400
250	280	960
252.5	280	1170
255	280	1240
257.5	280	1070
260	280	1410
262.5	280	1150
265	280	1480
267.5	280	1450
270	280	4940
272.5	280	38260
275	280	145570
277.5	280	294680
280	280	346350
282.5	280	243390
285	280	98080
287.5	280	39980
290	280	37990
292.5	280	50640
295	280	60290
297.5	280	73310
300	280	93730
302.5	280	127100
305	280	169240
307.5	280	204250
310	280	200910
312.5	280	168320
315	280	126550
317.5	280	98560
320	280	83720
322.5	280	79760
325	280	74020
327.5	280	69770
330	280	66000
332.5	280	62170
335	280	58370
337.5	280	55890
340	280	53030
342.5	280	50780
345	280	49790
347.5	280	46610
350	280	50060
352.5	280	54490
355	280	61740
357.5	280	75680
360	280	96120
362.5	280	123780
365	280	156520
367.5	280	204480
370	280	258570
372.5	280	325380
375	280	396440
377.5	280	477960
380	280	565450
382.5	280	654980
385	280	737620
387.5	280	829130
390	280	901710
392.5	280	960830
395	280	1009490
397.5	280	1052020
400	280	1077970
402.5	280	1076950
405	280	1098690
407.5	280	1093570
410	280	1080020
412.5	280	1052970
415	280	1030780
417.5	280	1012460
420	280	969130
422.5	280	934830
425	280	903110
427.5	280	864020
430	280	808950
432.5	280	776980
435	280	730520
437.5	280	679430
440	280	634430
442.5	280	589030
445	280	550350
447.5	280	502010
450	280	465250
452.5	280	432190
455	280	394550
457.5	280	362130
460	280	331060
462.5	280	303060
465	280	272550
467.5	280	247320
470	280	225750
472.5	280	206070
475	280	188280
477.5	280	170300
480	280	152830
482.5	280	140930
485	280	129020
487.5	280	115300
490	280	105420
492.5	280	94810
495	280	88240
497.5	280	78970
500	280	71920
502.5	280	66080
505	280	59120
507.5	280	52570
510	280	48400
512.5	280	42800
515	280	39970
517.5	280	35670
520	280	32430
522.5	280	29100
525	280	27320
527.5	280	23730
530	280	21080
532.5	280	20260
535	280	19010
537.5	280	16640
540	280	16050
542.5	280	14230
545	280	14730
547.5	280	17760
550	280	40230
250	285	1580
252.5	285	1660
255	285	1460
257.5	285	1260
260	285	1600
262.5	285	1460
265	285	1690
267.5	285	1730
270	285	1780
272.5	285	1930
275	285	8990
277.5	285	62390
280	285	228450
282.5	285	444280
285	285	500180
287.5	285	338230
290	285	135780
292.5	285	49080
295	285	42750
297.5	285	49050
300	285	54750
302.5	285	61120
305	285	71030
307.5	285	98160
310	285	142060
312.5	285	190340
315	285	204040
317.5	285	176350
320	285	128560
322.5	285	86910
325	285	65700
327.5	285	58990
330	285	54480
332.5	285	52480
335	285	50290
337.5	285	48720
340	285	47170
342.5	285	46140
345	285	46290
347.5	285	49860
350	285	55240
352.5	285	64270
355	285	80120
357.5	285	101570
360	285	135720
362.5	285	181380
365	285	236140
367.5	285	310640
370	285	400710
372.5	285	503440
375	285	623950
377.5	285	750940
380	285	887720
382.5	285	1031220
385	285	1172060
387.5	285	1312290
390	285	1422900
392.5	285	1517360
395	285	1596110
397.5	285	1653120
400	285	1700770
402.5	285	1715740
405	285	1735690
407.5	285	1709410
410	285	1701600
412.5	285	1669370
415	285	1624150
417.5	285	1593600
420	285	1535300
422.5	285	1476560
425	285	1423550
427.5	285	1349510
430	285	1288610
432.5	285	1225670
435	285	1151860
437.5	285	1086660
440	285	1011060
442.5	285	936420
445	285	876900
447.5	285	814670
450	285	743690
452.5	285	680410
455	285	632510
457.5	285	576840
460	285	526500
462.5	285	477160
465	285	436800
467.5	285	394470
470	285	357400
472.5	285	324940
475	285	296390
477.5	285	266030
480	285	246620
482.5	285	224560
485	285	201630
487.5	285	181030
490	285	165120
492.5	285	152770
495	285	134660
497.5	285	122320
500	285	113130
502.5	285	102150
505	285	91180
507.5	285	82800
510	285	75010
512.5	285	68160
515	285	60770
517.5	285	54010
520	285	49920
522.5	285	44490
525	285	41000
527.5	285	36320
530	285	33490
532.5	285	30770
535	285	27420
537.5	285	24830
540	285	22820
542.5	285	21260
545	285	19520
547.5	285	17990
550	285	16140
250	290	1770
252.5	290	1750
255	290	1850
257.5	290	2010
260	290	1670
262.5	290	1690
265	290	1970
267.5	290	1750
270	290	1790
272.5	290	1820
275	290	2170
277.5	290	2500
280	290	11860
282.5	290	95170
285	290	334400
287.5	290	619950
290	290	659170
292.5	290	415140
295	290	144010
297.5	290	38850
300	290	23700
302.5	290	25100
305	290	27330
307.5	290	30320
310	290	35640
312.5	290	53850
315	290	92460
317.5	290	153530
320	290	199540
322.5	290	194980
325	290	146040
327.5	290	91590
330	290	53770
332.5	290	43310
335	290	40030
337.5	290	38880
340	290	38730
342.5	290	40770
345	290	43740
347.5	290	49370
350	290	57870
352.5	290	73660
355	290	96450
357.5	290	130790
360	290	182090
362.5	290	245670
365	290	332730
367.5	290	441500
370	290	568690
372.5	290	716670
375	290	895720
377.5	290	1064610
380	290	1253920
382.5	290	1457140
385	290	1678250
387.5	290	1851540
390	290	2014960
392.5	290	2146160
395	290	2286780
397.5	290	2331910
400	290	2402700
402.5	290	2416430
405	290	2433170
407.5	290	2432520
410	290	2401130
412.5	290	2367630
415	290	2308650
417.5	290	2243030
420	290	2187460
422.5	290	2085340
425	290	2008370
427.5	290	1931250
430	290	1830680
432.5	290	1736460
435	290	1634310
437.5	290	1546140
440	290	1435960
442.5	290	1336150
445	290	1240500
447.5	290	1149670
450	290	1051010
452.5	290	966780
455	290	893610
457.5	290	816960
460	290	738380
462.5	290	682880
465	290	625020
467.5	290	563220
470	290	514880
472.5	290	464290
475	290	422450
477.5	290	381060
480	290	348900
482.5	290	317520
485	290	287420
487.5	290	258300
490	290	236980
492.5	290	213410
495	290	195560
497.5	290	177230
500	290	159100
502.5	290	143450
505	290	129000
507.5	290	116050
510	290	107300
512.5	290	94330
515	290	84780
517.5	290	77780
520	290	70900
522.5	290	63300
525	290	57070
527.5	290	51660
530	290	48070
532.5	290	42810
535	290	39030
537.5	290	35140
540	290	32740
542.5	290	29240
545	290	26530
547.5	290	25460
550	290	22510
250	295	2110
252.5	295	2290
255	295	2140
257.5	295	2500
260	295	2230
262.5	295	2130
265	295	2360
267.5	295	2280
270	295	2310
272.5	295	2520
275	295	2530
277.5	295	2450
280	295	2810
282.5	295	3320
285	295	18900
287.5	295	149460
290	295	517490
292.5	295	960950
295	295	934910
297.5	295	532900
300	295	165040
302.5	295	34380
305	295	17690
307.5	295	17740
310	295	20230
312.5	295	21250
315	295	25230
317.5	295	37040
320	295	74630
322.5	295	135630
325	295	194620
327.5	295	220810
330	295	178750
332.5	295	118610
335	295	66860
337.5	295	44010
340	295	38060
342.5	295	40510
345	295	44200
347.5	295	51060
350	295	63470
352.5	295	83190
355	295	112590
357.5	295	157590
360	295	218560
362.5	295	300020
365	295	407490
367.5	295	537510
370	295	691020
372.5	295	871740
375	295	1088080
377.5	295	1306620
380	295	1544400
382.5	295	1799150
385	295	2030910
387.5	295	2251130
390	295	2456350
392.5	295	2633580
395	295	2770960
397.5	295	2854940
400	295	2923240
402.5	295	2965650
405	295	2985950
407.5	295	2964900
410	295	2949110
412.5	295	2897070
415	295	2833120
417.5	295	2733780
420	295	2652540
422.5	295	2574580
425	295	2456450
427.5	295	2351190
430	295	2233330
432.5	295	2130060
435	295	2011390
437.5	295	1911240
440	295	1785550
442.5	295	1648040
445	295	1530720
447.5	295	1418530
450	295	1317870
452.5	295	1197220
455	295	1107780
457.5	295	1019380
460	295	939130
462.5	295	856990
465	295	789930
467.5	295	723440
470	295	656840
472.5	295	588660
475	295	543200
477.5	295	493370
480	295	442680
482.5	295	409350
485	295	372340
487.5	295	336600
490	295	304860
492.5	295	276670
495	295	252690
497.5	295	226320
500	295	205920
502.5	295	186380
505	295	167420
507.5	295	150660
510	295	135970
512.5	295	120300
515	295	111190
517.5	295	98480
520	295	89680
522.5	295	80900
525	295	71680
527.5	295	64250
530	295	59950
532.5	295	54540
535	295	50100
537.5	295	44340
540	295	41540
542.5	295	37580
545	295	33960
547.5	295	31030
550	295	28000
250	300	2390
252.5	300	2160
255	300	2230
257.5	300	2300
260	300	2580
262.5	300	2370
265	300	2420
267.5	300	2380
270	300	2550
272.5	300	2350
275	300	2450
277.5	300	2320
280	300	2370
282.5	300	2770
285	300	3130
287.5	300	3510
290	300	30560
292.5	300	222450
295	300	670420
297.5	300	1097040
300	300	1049240
302.5	300	620640
305	300	203690
307.5	300	41750
310	300	19400
312.5	300	19460
315	300	21860
317.5	300	23180
320	300	25360
322.5	300	31890
325	300	57950
327.5	300	115710
330	300	194480
332.5	300	243740
335	300	232530
337.5	300	162450
340	300	93190
342.5	300	55940
345	300	48720
347.5	300	54240
350	300	67810
352.5	300	86600
355	300	121660
357.5	300	169180
360	300	236980
362.5	300	327880
365	300	444960
367.5	300	591760
370	300	758310
372.5	300	970250
375	300	1200480
377.5	300	1436020
380	300	1696390
382.5	300	1972330
385	300	2236140
387.5	300	2487540
390	300	2700110
392.5	300	2879460
395	300	3026750
397.5	300	3143120
400	300	3218530
402.5	300	3260930
405	300	3268540
407.5	300	3255060
410	300	3215400
412.5	300	3182220
415	300	3101030
417.5	300	3012700
420	300	2929060
422.5	300	2819160
425	300	2721270
427.5	300	2585380
430	300	2458310
432.5	300	2327200
435	300	2213990
437.5	300	2080510
440	300	1955960
442.5	300	1818520
445	300	1699820
447.5	300	1574980
450	300	1439260
452.5	300	1334250
455	300	1228710
457.5	300	1119760
460	300	1019160
462.5	300	941660
465	300	847360
467.5	300	775900
470	300	704450
472.5	300	641930
475	300	581550
477.5	300	528740
480	300	482240
482.5	300	440880
485	300	402230
487.5	300	364110
490	300	330350
492.5	300	297210
495	300	274430
497.5	300	248180
500	300	221380
502.5	300	199870
505	300	181930
507.5	300	162520
510	300	146440
512.5	300	135090
515	300	119980
517.5	300	106010
520	300	96950
522.5	300	87210
525	300	79670
527.5	300	72280
530	300	65970
532.5	300	59860
535	300	54940
537.5	300	48390
540	300	44270
542.5	300	41490
545	300	37490
547.5	300	33290
550	300	30760
250	305	2000
252.5	305	2260
255	305	2170
257.5	305	2390
260	305	1980
262.5	305	1900
265	305	2100
267.5	305	2150
270	305	2250
272.5	305	2380
275	305	2440
277.5	305	2380
280	305	2300
282.5	305	2340
285	305	2550
287.5	305	2450
290	305	2750
292.5	305	3820
295	305	38650
297.5	305	248750
300	305	768850
302.5	305	1250030
305	305	1241950
307.5	305	738270
310	305	255990
312.5	305	51550
315	305	19770
317.5	305	18480
320	305	20030
322.5	305	21030
325	305	22290
327.5	305	25300
330	305	39690
332.5	305	87260
335	305	167030
337.5	305	241860
340	305	263360
342.5	305	210100
345	305	131470
347.5	305	80480
350	305	68020
352.5	305	81900
355	305	110350
357.5	305	155170
360	305	222340
362.5	305	306480
365	305	412520
367.5	305	545930
370	305	711120
372.5	305	894430
375	305	1113160
377.5	305	1339450
380	305	1580220
382.5	305	1826420
385	305	2078820
387.5	305	2304820
390	305	2520520
392.5	305	2682460
395	305	2840020
397.5	305	2926340
400	305	2996420
402.5	305	3053240
405	305	3062850
407.5	305	3078240
410	305	3013100
412.5	305	2974310
415	305	2918470
417.5	305	2834350
420	305	2747520
422.5	305	2649940
425	305	2557090
427.5	305	2439710
430	305	2320360
432.5	305	2214290
435	305	2111230
437.5	305	1974320
440	305	1858290
442.5	305	1732760
445	305	1644830
447.5	305	1506130
450	305	1394630
452.5	305	1276020
455	305	1183590
457.5	305	1083560
460	305	990440
462.5	305	911410
465	305	823040
467.5	305	752920
470	305	683310
472.5	305	625710
475	305	561870
477.5	305	518250
480	305	468070
482.5	305	431970
485	305	390190
487.5	305	354890
490	305	319670
492.5	305	293020
495	305	264870
497.5	305	241580
500	305	217670
502.5	305	200570
505	305	178530
507.5	305	158320
510	305	148120
512.5	305	131720
515	305	114930
517.5	305	107050
520	305	97510
522.5	305	86530
525	305	79280
527.5	305	70590
530	305	64340
532.5	305	59240
535	305	53360
537.5	305	48680
540	305	45090
542.5	305	40200
545	305	36750
547.5	305	34490
550	305	30950
250	310	1820
252.5	310	1880
255	310	2280
257.5	310	1900
260	310	1710
262.5	310	1910
265	310	1760
267.5	310	1940
270	310	1600
272.5	310	1890
275	310	1750
277.5	310	2060
280	310	2050
282.5	310	2050
285	310	1900
287.5	310	2150
290	310	2300
292.5	310	2520
295	310	2840
297.5	310	4080
300	310	50640
302.5	310	324070
305	310	965690
307.5	310	1543840
310	310	1506820
312.5	310	927170
315	310	329000
317.5	310	61610
320	310	18260
322.5	310	16990
325	310	17090
327.5	310	17370
330	310	18740
332.5	310	19940
335	310	28390
337.5	310	63730
340	310	138880
342.5	310	234490
345	310	289500
347.5	310	272230
350	310	193850
352.5	310	128370
355	310	108660
357.5	310	132770
360	310	181580
362.5	310	244910
365	310	330350
367.5	310	437220
370	310	565340
372.5	310	709360
375	310	886810
377.5	310	1058230
380	310	1268710
382.5	310	1461340
385	310	1665660
387.5	310	1858120
390	310	2033720
392.5	310	2171260
395	310	2259020
397.5	310	2390780
400	310	2417180
402.5	310	2474730
405	310	2469110
407.5	310	2501550
410	310	2445770
412.5	310	2421840
415	310	2362540
417.5	310	2340620
420	310	2235960
422.5	310	2167530
425	310	2104610
427.5	310	1988940
430	310	1896320
432.5	310	1798490
435	310	1740350
437.5	310	1614310
440	310	1524940
442.5	310	1414260
445	310	1324890
447.5	310	1226150
450	310	1138190
452.5	310	1047450
455	310	961740
457.5	310	878000
460	310	811270
462.5	310	745330
465	310	678580
467.5	310	618380
470	310	560960
472.5	310	515400
475	310	463400
477.5	310	425500
480	310	392350
482.5	310	351900
485	310	323480
487.5	310	296110
490	310	272220
492.5	310	244590
495	310	222510
497.5	310	203760
500	310	184900
502.5	310	166070
505	310	151360
507.5	310	138850
510	310	122850
512.5	310	111940
515	310	101860
517.5	310	91080
520	310	84410
522.5	310	73630
525	310	67290
527.5	310	62450
530	310	54940
532.5	310	51280
535	310	48450
537.5	310	42680
540	310	38940
542.5	310	35900
545	310	31190
547.5	310	29190
550	310	26640
250	315	1460
252.5	315	1570
255	315	1160
257.5	315	1810
260	315	1350
262.5	315	1350
265	315	1360
267.5	315	1480
270	315	1260
272.5	315	1590
275	315	1880
277.5	315	1620
280	315	1710
282.5	315	1680
285	315	1800
287.5	315	1760
290	315	2000
292.5	315	2000
295	315	2170
297.5	315	2020
300	315	2570
302.5	315	4380
305	315	47900
307.5	315	328750
310	315	986360
312.5	315	1745630
315	315	1856980
317.5	315	1191910
320	315	428260
322.5	315	83760
325	315	18690
327.5	315	14650
330	315	15660
332.5	315	16230
335	315	16340
337.5	315	18480
340	315	23210
342.5	315	46460
345	315	107800
347.5	315	210450
350	315	303370
352.5	315	317100
355	315	263370
357.5	315	195170
360	315	162240
362.5	315	177880
365	315	223090
367.5	315	291190
370	315	375690
372.5	315	469860
375	315	594270
377.5	315	700570
380	315	844410
382.5	315	964360
385	315	1106250
387.5	315	1229820
390	315	1353720
392.5	315	1444680
395	315	1526260
397.5	315	1579210
400	315	1624160
402.5	315	1661510
405	315	1658690
407.5	315	1681320
410	315	1656600
412.5	315	1649010
415	315	1611770
417.5	315	1589690
420	315	1530250
422.5	315	1486010
425	315	1433140
427.5	315	1384040
430	315	1301710
432.5	315	1245220
435	315	1184480
437.5	315	1118270
440	315	1042190
442.5	315	986100
445	315	924890
447.5	315	857820
450	315	798330
452.5	315	736220
455	315	682680
457.5	315	623090
460	315	575360
462.5	315	533750
465	315	481980
467.5	315	441120
470	315	407080
472.5	315	368960
475	315	340700
477.5	315	309350
480	315	282310
482.5	315	257970
485	315	236190
487.5	315	217700
490	315	199490
492.5	315	179760
495	315	164720
497.5	315	151250
500	315	138190
502.5	315	126080
505	315	114190
507.5	315	101450
510	315	92730
512.5	315	85930
515	315	77410
517.5	315	70920
520	315	66010
522.5	315	58120
525	315	53540
527.5	315	48850
530	315	42780
532.5	315	41480
535	315	37020
537.5	315	34890
540	315	29370
542.5	315	28400
545	315	26220
547.5	315	22800
550	315	21460
250	320	1260
252.5	320	1160
255	320	1160
257.5	320	1000
260	320	1100
262.5	320	1320
265	320	1060
267.5	320	1380
270	320	1130
272.5	320	1060
275	320	1220
277.5	320	1340
280	320	1160
282.5	320	1290
285	320	1130
287.5	320	1490
290	320	1520
292.5	320	1390
295	320	1620
297.5	320	1540
300	320	1750
302.5	320	1900
305	320	2580
307.5	320	4050
310	320	46920
312.5	320	323450
315	320	1052320
317.5	320	1847380
320	320	1989810
322.5	320	1356510
325	320	521640
327.5	320	94900
330	320	18710
332.5	320	15430
335	320	15290
337.5	320	16500
340	320	16730
342.5	320	17830
345	320	21440
347.5	320	35950
350	320	81130
352.5	320	174190
355	320	282730
357.5	320	352500
360	320	341040
362.5	320	272660
365	320	216470
367.5	320	205950
370	320	236980
372.5	320	288350
375	320	347960
377.5	320	420500
380	320	496190
382.5	320	573240
385	320	661990
387.5	320	744540
390	320	809650
392.5	320	867480
395	320	913180
397.5	320	968940
400	320	982160
402.5	320	1014430
405	320	1017010
407.5	320	1032290
410	320	1013820
412.5	320	1008660
415	320	994530
417.5	320	987930
420	320	954410
422.5	320	934620
425	320	904060
427.5	320	868750
430	320	832770
432.5	320	793630
435	320	764290
437.5	320	709720
440	320	682520
442.5	320	638790
445	320	608510
447.5	320	560500
450	320	521710
452.5	320	493130
455	320	454550
457.5	320	415920
460	320	386140
462.5	320	363290
465	320	328660
467.5	320	302860
470	320	278110
472.5	320	257350
475	320	237630
477.5	320	218070
480	320	200430
482.5	320	181120
485	320	166790
487.5	320	157420
490	320	143170
492.5	320	129740
495	320	120870
497.5	320	109760
500	320	99060
502.5	320	92650
505	320	83900
507.5	320	76690
510	320	70440
512.5	320	64740
515	320	59350
517.5	320	53310
520	320	48270
522.5	320	44780
525	320	40110
527.5	320	37130
530	320	34320
532.5	320	30970
535	320	29070
537.5	320	27430
540	320	24510
542.5	320	22070
545	320	20890
547.5	320	19510
550	320	17160
250	325	960
252.5	325	810
255	325	870
257.5	325	1040
260	325	830
262.5	325	970
265	325	960
267.5	325	1010
270	325	1060
272.5	325	1100
275	325	1000
277.5	325	1040
280	325	960
282.5	325	870
285	325	1130
287.5	325	1230
290	325	1220
292.5	325	1080
295	325	1200
297.5	325	1430
300	325	1280
302.5	325	1510
305	325	1670
307.5	325	1950
310	325	2440
312.5	325	4280
315	325	43040
317.5	325	336030
320	325	1150780
322.5	325	2000360
325	325	2227320
327.5	325	1496170
330	325	575090
332.5	325	114250
335	325	20900
337.5	325	16100
340	325	16020
342.5	325	17110
345	325	17520
347.5	325	18040
350	325	20730
352.5	325	29660
355	325	61210
357.5	325	133350
360	325	240730
362.5	325	343660
365	325	386460
367.5	325	343710
370	325	275730
372.5	325	230990
375	325	228980
377.5	325	259230
380	325	293140
382.5	325	342290
385	325	391680
387.5	325	434970
390	325	475110
392.5	325	517180
395	325	544910
397.5	325	567490
400	325	596180
402.5	325	612650
405	325	620590
407.5	325	632770
410	325	630620
412.5	325	626820
415	325	628590
417.5	325	616360
420	325	612770
422.5	325	592720
425	325	582710
427.5	325	561970
430	325	546790
432.5	325	521200
435	325	504110
437.5	325	477480
440	325	457880
442.5	325	439690
445	325	416020
447.5	325	394630
450	325	365910
452.5	325	340930
455	325	319490
457.5	325	297220
460	325	277150
462.5	325	255730
465	325	237270
467.5	325	223920
470	325	203260
472.5	325	187310
475	325	178690
477.5	325	161290
480	325	149330
482.5	325	140360
485	325	128330
487.5	325	117930
490	325	111400
492.5	325	102310
495	325	93520
497.5	325	86320
500	325	81410
502.5	325	72630
505	325	67920
507.5	325	61930
510	325	57000
512.5	325	52240
515	325	46220
517.5	325	44790
520	325	40530
522.5	325	36820
525	325	34130
527.5	325	31370
530	325	29880
532.5	325	26910
535	325	24680
537.5	325	23450
540	325	22240
542.5	325	20110
545	325	17580
547.5	325	15900
550	325	15210
250	330	880
252.5	330	800
255	330	710
257.5	330	920
260	330	760
262.5	330	820
265	330	1000
267.5	330	980
270	330	940
272.5	330	920
275	330	840
277.5	330	830
280	330	1010
282.5	330	860
285	330	940
287.5	330	880
290	330	1030
292.5	330	1270
295	330	1140
297.5	330	1420
300	330	1350
302.5	330	1380
305	330	1330
307.5	330	1730
310	330	1530
312.5	330	1750
315	330	2060
317.5	330	3660
320	330	31560
322.5	330	309230
325	330	1117710
327.5	330	2164940
330	330	2473400
332.5	330	1781020
335	330	729880
337.5	330	137010
340	330	22330
342.5	330	16770
345	330	16890
347.5	330	17360
350	330	19120
352.5	330	21230
355	330	25150
357.5	330	30860
360	330	49460
362.5	330	97540
365	330	187520
367.5	330	299760
370	330	389210
372.5	330	402920
375	330	352330
377.5	330	284640
380	330	241330
382.5	330	243930
385	330	265890
387.5	330	298670
390	330	320320
392.5	330	348350
395	330	369180
397.5	330	388230
400	330	413770
402.5	330	422620
405	330	433790
407.5	330	444340
410	330	450210
412.5	330	449790
415	330	448230
417.5	330	446370
420	330	444840
422.5	330	437700
425	330	431570
427.5	330	422520
430	330	410480
432.5	330	395690
435	330	385670
437.5	330	371350
440	330	354230
442.5	330	337940
445	330	323010
447.5	330	313990
450	330	290440
452.5	330	276390
455	330	259330
457.5	330	241690
460	330	224910
462.5	330	213900
465	330	198920
467.5	330	181500
470	330	169570
472.5	330	157840
475	330	146470
477.5	330	136550
480	330	128210
482.5	330	117360
485	330	110570
487.5	330	102800
490	330	93910
492.5	330	87650
495	330	81210
497.5	330	74300
500	330	69590
502.5	330	65300
505	330	59040
507.5	330	55430
510	330	50790
512.5	330	46970
515	330	42300
517.5	330	39120
520	330	37050
522.5	330	33980
525	330	30780
527.5	330	28490
530	330	26280
532.5	330	24660
535	330	22300
537.5	330	22310
540	330	19910
542.5	330	17250
545	330	15960
547.5	330	15770
550	330	14310
250	335	890
252.5	335	710
255	335	950
257.5	335	690
260	335	790
262.5	335	840
265	335	890
267.5	335	810
270	335	640
272.5	335	810
275	335	940
277.5	335	920
280	335	1010
282.5	335	950
285	335	1010
287.5	335	1100
290	335	950
292.5	335	1140
295	335	980
297.5	335	1040
300	335	1070
302.5	335	1180
305	335	1180
307.5	335	1160
310	335	1320
312.5	335	1530
315	335	1360
317.5	335	1940
320	335	2290
322.5	335	3330
325	335	26700
327.5	335	289690
330	335	1110860
332.5	335	2195430
335	335	2486880
337.5	335	1717020
340	335	682010
342.5	335	155890
345	335	25450
347.5	335	17070
350	335	16600
352.5	335	18430
355	335	21550
357.5	335	24040
360	335	29280
362.5	335	37010
365	335	50060
367.5	335	84160
370	335	147770
372.5	335	259150
375	335	376340
377.5	335	434260
380	335	416750
382.5	335	344650
385	335	279150
387.5	335	255650
390	335	258080
392.5	335	273290
395	335	291210
397.5	335	310360
400	335	322370
402.5	335	339500
405	335	346950
407.5	335	354960
410	335	361010
412.5	335	368630
415	335	371240
417.5	335	368830
420	335	366420
422.5	335	361950
425	335	358930
427.5	335	349580
430	335	343960
432.5	335	340060
435	335	327410
437.5	335	317380
440	335	302120
442.5	335	295010
445	335	280070
447.5	335	264490
450	335	252400
452.5	335	238340
455	335	223860
457.5	335	213700
460	335	201810
462.5	335	189160
465	335	175500
467.5	335	164440
470	335	154210
472.5	335	141770
475	335	133170
477.5	335	123530
480	335	116820
482.5	335	108890
485	335	99910
487.5	335	94540
490	335	89010
492.5	335	80560
495	335	76020
497.5	335	71510
500	335	64360
502.5	335	60480
505	335	55760
507.5	335	52580
510	335	48140
512.5	335	44790
515	335	39910
517.5	335	38020
520	335	34630
522.5	335	32690
525	335	29600
527.5	335	27910
530	335	25240
532.5	335	24350
535	335	22390
537.5	335	20750
540	335	18480
542.5	335	17560
545	335	16780
547.5	335	15460
550	335	14150
250	340	980
252.5	340	810
255	340	870
257.5	340	700
260	340	720
262.5	340	880
265	340	820
267.5	340	1010
270	340	760
272.5	340	860
275	340	970
277.5	340	840
280	340	910
282.5	340	1150
285	340	1210
287.5	340	980
290	340	960
292.5	340	940
295	340	980
297.5	340	1050
300	340	1110
302.5	340	1270
305	340	1250
307.5	340	1340
310	340	1290
312.5	340	1330
315	340	1130
317.5	340	1630
320	340	1780
322.5	340	2120
325	340	2480
327.5	340	3750
330	340	31720
332.5	340	325630
335	340	1246940
337.5	340	2506630
340	340	2978550
342.5	340	2095280
345	340	775550
347.5	340	114780
350	340	21580
352.5	340	17600
355	340	17960
357.5	340	21620
360	340	25200
362.5	340	30270
365	340	37200
367.5	340	45840
370	340	57580
372.5	340	80430
375	340	130540
377.5	340	216230
380	340	330670
382.5	340	426950
385	340	451270
387.5	340	401250
390	340	319170
392.5	340	261690
395	340	245510
397.5	340	248890
400	340	256850
402.5	340	268380
405	340	272530
407.5	340	286930
410	340	288150
412.5	340	296250
415	340	298210
417.5	340	298950
420	340	302050
422.5	340	299130
425	340	293350
427.5	340	296010
430	340	290990
432.5	340	285570
435	340	273220
437.5	340	265330
440	340	256860
442.5	340	250530
445	340	236850
447.5	340	226220
450	340	217760
452.5	340	205890
455	340	194070
457.5	340	186780
460	340	176730
462.5	340	164680
465	340	156700
467.5	340	147250
470	340	134130
472.5	340	129420
475	340	119690
477.5	340	111960
480	340	101850
482.5	340	97140
485	340	92710
487.5	340	84660
490	340	78200
492.5	340	73840
495	340	68220
497.5	340	64580
500	340	59360
502.5	340	55550
505	340	52640
507.5	340	47160
510	340	44180
512.5	340	40370
515	340	38940
517.5	340	35600
520	340	32980
522.5	340	30490
525	340	27580
527.5	340	25990
530	340	23740
532.5	340	23730
535	340	21740
537.5	340	19610
540	340	19360
542.5	340	17690
545	340	15630
547.5	340	14630
550	340	14040
250	345	750
252.5	345	900
255	345	700
257.5	345	680
260	345	840
262.5	345	920
265	345	840
267.5	345	780
270	345	800
272.5	345	1010
275	345	850
277.5	345	840
280	345	770
282.5	345	740
285	345	1020
287.5	345	820
290	345	780
292.5	345	800
295	345	1020
297.5	345	1080
300	345	1200
302.5	345	1070
305	345	1110
307.5	345	1110
310	345	1350
312.5	345	1430
315	345	1450
317.5	345	1310
320	345	1460
322.5	345	1750
325	345	1700
327.5	345	2160
330	345	2910
332.5	345	4040
335	345	38910
337.5	345	448090
340	345	1747770
342.5	345	3087580
345	345	3005910
347.5	345	1708950
350	345	553440
352.5	345	94240
355	345	22330
357.5	345	19280
360	345	21660
362.5	345	25460
365	345	30850
367.5	345	36090
370	345	42430
372.5	345	51380
375	345	63250
377.5	345	76970
380	345	110090
382.5	345	170830
385	345	274360
387.5	345	379170
390	345	442390
392.5	345	417180
395	345	340740
397.5	345	257150
400	345	221250
402.5	345	210550
405	345	211790
407.5	345	217970
410	345	222070
412.5	345	227220
415	345	228200
417.5	345	233920
420	345	234990
422.5	345	236820
425	345	230990
427.5	345	234430
430	345	227950
432.5	345	226690
435	345	220710
437.5	345	218170
440	345	210330
442.5	345	203740
445	345	193780
447.5	345	187400
450	345	180960
452.5	345	172020
455	345	161530
457.5	345	155280
460	345	148040
462.5	345	140730
465	345	131160
467.5	345	121270
470	345	117980
472.5	345	108530
475	345	102270
477.5	345	94520
480	345	88110
482.5	345	84060
485	345	78050
487.5	345	73120
490	345	69950
492.5	345	66280
495	345	61250
497.5	345	55290
500	345	52450
502.5	345	50000
505	345	46230
507.5	345	43900
510	345	39980
512.5	345	36880
515	345	34150
517.5	345	31710
520	345	30060
522.5	345	28340
525	345	25800
527.5	345	24670
530	345	22720
532.5	345	21080
535	345	19190
537.5	345	17350
540	345	17250
542.5	345	15850
545	345	15130
547.5	345	13140
550	345	13450
250	350	870
252.5	350	900
255	350	690
257.5	350	810
260	350	730
262.5	350	710
265	350	780
267.5	350	670
270	350	650
272.5	350	800
275	350	690
277.5	350	800
280	350	750
282.5	350	830
285	350	770
287.5	350	820
290	350	720
292.5	350	830
295	350	770
297.5	350	680
300	350	970
302.5	350	890
305	350	970
307.5	350	1160
310	350	1180
312.5	350	1120
315	350	1280
317.5	350	1280
320	350	1150
322.5	350	1250
325	350	1400
327.5	350	1570
330	350	1660
332.5	350	1810
335	350	2530
337.5	350	3970
340	350	45160
342.5	350	424690
345	350	1586080
347.5	350	2890860
350	350	2947830
352.5	350	1779360
355	350	593470
357.5	350	99530
360	350	24670
362.5	350	23090
365	350	24430
367.5	350	29930
370	350	34970
372.5	350	40980
375	350	46550
377.5	350	54150
380	350	61720
382.5	350	73130
385	350	89760
387.5	350	133340
390	350	211650
392.5	350	316270
395	350	399520
397.5	350	414340
400	350	353870
402.5	350	264600
405	350	201070
407.5	350	177600
410	350	168860
412.5	350	172000
415	350	170400
417.5	350	174810
420	350	175570
422.5	350	178510
425	350	179210
427.5	350	180400
430	350	178410
432.5	350	175400
435	350	173770
437.5	350	167800
440	350	164130
442.5	350	159850
445	350	154250
447.5	350	148520
450	350	142810
452.5	350	136570
455	350	131010
457.5	350	124860
460	350	117300
462.5	350	111930
465	350	106780
467.5	350	101460
470	350	95470
472.5	350	91310
475	350	85520
477.5	350	81720
480	350	75470
482.5	350	72410
485	350	68210
487.5	350	63720
490	350	59080
492.5	350	55280
495	350	52750
497.5	350	50480
500	350	45690
502.5	350	42960
505	350	40620
507.5	350	38920
510	350	35860
512.5	350	32940
515	350	30900
517.5	350	29240
520	350	25870
522.5	350	25410
525	350	23570
527.5	350	21860
530	350	20130
532.5	350	19030
535	350	17620
537.5	350	16910
540	350	16380
542.5	350	14700
545	350	13770
547.5	350	12340
550	350	12430
250	355	780
252.5	355	750
255	355	840
257.5	355	810
260	355	670
262.5	355	820
265	355	750
267.5	355	660
270	355	750
272.5	355	740
275	355	670
277.5	355	890
280	355	720
282.5	355	680
285	355	790
287.5	355	830
290	355	710
292.5	355	810
295	355	880
297.5	355	740
300	355	850
302.5	355	830
305	355	920
307.5	355	1160
310	355	880
312.5	355	930
315	355	980
317.5	355	1220
320	355	980
322.5	355	1170
325	355	1210
327.5	355	1420
330	355	1360
332.5	355	1490
335	355	1480
337.5	355	1970
340	355	2460
342.5	355	4350
345	355	57160
347.5	355	500480
350	355	1663240
352.5	355	2807510
355	355	2849840
357.5	355	1722320
360	355	582020
362.5	355	100140
365	355	27800
367.5	355	25570
370	355	28210
372.5	355	32480
375	355	36810
377.5	355	40210
380	355	46980
382.5	355	53210
385	355	60090
387.5	355	67570
390	355	78090
392.5	355	104790
395	355	156260
397.5	355	246930
400	355	339220
402.5	355	385710
405	355	359070
407.5	355	276410
410	355	200350
412.5	355	156560
415	355	138530
417.5	355	136050
420	355	136300
422.5	355	137090
425	355	135530
427.5	355	136250
430	355	136110
432.5	355	139440
435	355	132640
437.5	355	131170
440	355	130490
442.5	355	126440
445	355	119700
447.5	355	120430
450	355	112980
452.5	355	108560
455	355	104570
457.5	355	101490
460	355	98370
462.5	355	93830
465	355	89460
467.5	355	83880
470	355	80010
472.5	355	74550
475	355	72250
477.5	355	69030
480	355	64910
482.5	355	60720
485	355	57630
487.5	355	55540
490	355	51030
492.5	355	48860
495	355	46620
497.5	355	42740
500	355	40140
502.5	355	38630
505	355	36820
507.5	355	34060
510	355	31120
512.5	355	28610
515	355	28760
517.5	355	25640
520	355	24020
522.5	355	22400
525	355	21930
527.5	355	20050
530	355	19570
532.5	355	17850
535	355	16760
537.5	355	15690
540	355	14650
542.5	355	13940
545	355	12580
547.5	355	11340
550	355	10980
250	360	680
252.5	360	700
255	360	640
257.5	360	630
260	360	580
262.5	360	620
265	360	720
267.5	360	850
270	360	800
272.5	360	720
275	360	760
277.5	360	790
280	360	660
282.5	360	720
285	360	760
287.5	360	840
290	360	610
292.5	360	740
295	360	620
297.5	360	740
300	360	820
302.5	360	660
305	360	760
307.5	360	630
310	360	1080
312.5	360	1140
315	360	820
317.5	360	1190
320	360	1120
322.5	360	1240
325	360	1080
327.5	360	1170
330	360	1290
332.5	360	1460
335	360	1520
337.5	360	1460
340	360	1500
342.5	360	1980
345	360	2770
347.5	360	4550
350	360	60020
352.5	360	501510
355	360	1652400
357.5	360	2860330
360	360	2899430
362.5	360	1806760
365	360	638280
367.5	360	118290
370	360	31900
372.5	360	25710
375	360	27980
377.5	360	31770
380	360	35860
382.5	360	39650
385	360	45120
387.5	360	48070
390	360	54600
392.5	360	59790
395	360	65640
397.5	360	78670
400	360	112180
402.5	360	180360
405	360	266670
407.5	360	335320
410	360	345450
412.5	360	298500
415	360	216920
417.5	360	153480
420	360	121990
422.5	360	112180
425	360	108330
427.5	360	107970
430	360	105340
432.5	360	105610
435	360	103660
437.5	360	102350
440	360	102110
442.5	360	98740
445	360	97070
447.5	360	93250
450	360	91030
452.5	360	89370
455	360	85400
457.5	360	82110
460	360	81410
462.5	360	74050
465	360	75910
467.5	360	71190
470	360	68000
472.5	360	63840
475	360	62750
477.5	360	59220
480	360	56270
482.5	360	52490
485	360	49840
487.5	360	48850
490	360	45060
492.5	360	42410
495	360	40800
497.5	360	38650
500	360	37350
502.5	360	33670
505	360	31780
507.5	360	30510
510	360	28050
512.5	360	26860
515	360	24750
517.5	360	24030
520	360	22780
522.5	360	20900
525	360	19540
527.5	360	18460
530	360	17870
532.5	360	15910
535	360	15790
537.5	360	14570
540	360	13830
542.5	360	12340
545	360	12240
547.5	360	11300
550	360	11460
250	365	700
252.5	365	800
255	365	650
257.5	365	750
260	365	670
262.5	365	710
265	365	650
267.5	365	790
270	365	820
272.5	365	750
275	365	640
277.5	365	580
280	365	590
282.5	365	770
285	365	690
287.5	365	770
290	365	840
292.5	365	820
295	365	700
297.5	365	810
300	365	740
302.5	365	760
305	365	670
307.5	365	710
310	365	870
312.5	365	680
315	365	820
317.5	365	860
320	365	1040
322.5	365	1230
325	365	1070
327.5	365	1320
330	365	1200
332.5	365	1090
335	365	1080
337.5	365	1230
340	365	1390
342.5	365	1450
345	365	1960
347.5	365	2060
350	365	2740
352.5	365	4790
355	365	70230
357.5	365	539500
360	365	1692770
362.5	365	2789000
365	365	2860420
367.5	365	1843790
370	365	671850
372.5	365	127980
375	365	31600
377.5	365	27090
380	365	27000
382.5	365	29670
385	365	32520
387.5	365	35930
390	365	40770
392.5	365	42750
395	365	45780
397.5	365	51210
400	365	54960
402.5	365	64570
405	365	83770
407.5	365	126110
410	365	198100
412.5	365	276600
415	365	319400
417.5	365	299160
420	365	236280
422.5	365	168780
425	365	119100
427.5	365	97060
430	365	86660
432.5	365	84600
435	365	85360
437.5	365	84490
440	365	80890
442.5	365	80620
445	365	79130
447.5	365	77520
450	365	75820
452.5	365	73610
455	365	71570
457.5	365	70100
460	365	66410
462.5	365	66350
465	365	64590
467.5	365	59440
470	365	56170
472.5	365	55520
475	365	52690
477.5	365	49940
480	365	48810
482.5	365	48370
485	365	43960
487.5	365	41390
490	365	40930
492.5	365	38070
495	365	36370
497.5	365	34500
500	365	33350
502.5	365	32230
505	365	30530
507.5	365	27680
510	365	26500
512.5	365	25600
515	365	23700
517.5	365	22560
520	365	20290
522.5	365	19330
525	365	17890
527.5	365	17400
530	365	16100
532.5	365	15390
535	365	13580
537.5	365	14270
540	365	13120
542.5	365	12530
545	365	11380
547.5	365	10160
550	365	9540
250	370	720
252.5	370	640
255	370	570
257.5	370	790
260	370	600
262.5	370	590
265	370	670
267.5	370	650
270	370	640
272.5	370	730
275	370	680
277.5	370	610
280	370	620
282.5	370	630
285	370	720
287.5	370	690
290	370	640
292.5	370	660
295	370	730
297.5	370	750
300	370	620
302.5	370	690
305	370	780
307.5	370	740
310	370	730
312.5	370	800
315	370	840
317.5	370	790
320	370	870
322.5	370	860
325	370	900
327.5	370	970
330	370	1080
332.5	370	1140
335	370	1120
337.5	370	1200
340	370	1090
342.5	370	1110
345	370	1330
347.5	370	1420
350	370	1940
352.5	370	1990
355	370	2720
357.5	370	4590
360	370	65170
362.5	370	515620
365	370	1644620
367.5	370	2761230
370	370	2915210
372.5	370	1921090
375	370	712830
377.5	370	146040
380	370	31330
382.5	370	24970
385	370	24220
387.5	370	25680
390	370	27990
392.5	370	31100
395	370	34650
397.5	370	36210
400	370	40110
402.5	370	42130
405	370	45890
407.5	370	47780
410	370	59670
412.5	370	84850
415	370	134480
417.5	370	204300
420	370	269220
422.5	370	293210
425	370	260980
427.5	370	199380
430	370	134490
432.5	370	94350
435	370	76150
437.5	370	70520
440	370	67860
442.5	370	65530
445	370	64230
447.5	370	62790
450	370	63220
452.5	370	62200
455	370	58810
457.5	370	58880
460	370	57680
462.5	370	55970
465	370	55510
467.5	370	53290
470	370	49100
472.5	370	47590
475	370	46100
477.5	370	44780
480	370	43080
482.5	370	41800
485	370	38760
487.5	370	36660
490	370	35870
492.5	370	35670
495	370	33750
497.5	370	31720
500	370	30120
502.5	370	27180
505	370	27080
507.5	370	25910
510	370	23620
512.5	370	22890
515	370	21700
517.5	370	19930
520	370	19880
522.5	370	18430
525	370	17010
527.5	370	16360
530	370	15250
532.5	370	14060
535	370	13560
537.5	370	12900
540	370	12320
542.5	370	11410
545	370	11080
547.5	370	10260
550	370	9200
250	375	600
252.5	375	690
255	375	660
257.5	375	690
260	375	910
262.5	375	630
265	375	680
267.5	375	570
270	375	700
272.5	375	500
275	375	750
277.5	375	620
280	375	680
282.5	375	610
285	375	750
287.5	375	710
290	375	550
292.5	375	720
295	375	630
297.5	375	690
300	375	690
302.5	375	640
305	375	900
307.5	375	640
310	375	680
312.5	375	710
315	375	710
317.5	375	730
320	375	710
322.5	375	870
325	375	790
327.5	375	920
330	375	910
332.5	375	890
335	375	1000
337.5	375	1110
340	375	1070
342.5	375	1190
345	375	1240
347.5	375	1320
350	375	1470
352.5	375	1270
355	375	1730
357.5	375	2100
360	375	2700
362.5	375	5090
365	375	57710
367.5	375	476550
370	375	1575480
372.5	375	2778930
375	375	2966970
377.5	375	2018670
380	375	787490
382.5	375	160150
385	375	28840
387.5	375	23910
390	375	21840
392.5	375	22350
395	375	25550
397.5	375	28190
400	375	31670
402.5	375	33090
405	375	34180
407.5	375	36810
410	375	40020
412.5	375	40560
415	375	45350
417.5	375	60820
420	375	91580
422.5	375	142420
425	375	206570
427.5	375	258510
430	375	263380
432.5	375	217990
435	375	158360
437.5	375	104560
440	375	73530
442.5	375	61540
445	375	56960
447.5	375	55410
450	375	54330
452.5	375	53110
455	375	51830
457.5	375	51360
460	375	49100
462.5	375	47920
465	375	47960
467.5	375	44420
470	375	43570
472.5	375	42170
475	375	40080
477.5	375	39420
480	375	38770
482.5	375	36370
485	375	36190
487.5	375	33800
490	375	31620
492.5	375	31400
495	375	30490
497.5	375	29140
500	375	27780
502.5	375	27470
505	375	25710
507.5	375	24910
510	375	22750
512.5	375	21860
515	375	19990
517.5	375	19730
520	375	18680
522.5	375	17400
525	375	16230
527.5	375	15410
530	375	14670
532.5	375	13520
535	375	13630
537.5	375	12830
540	375	11870
542.5	375	10940
545	375	10490
547.5	375	9700
550	375	9720
250	380	550
252.5	380	610
255	380	470
257.5	380	680
260	380	640
262.5	380	500
265	380	680
267.5	380	650
270	380	620
272.5	380	520
275	380	620
277.5	380	610
280	380	770
282.5	380	530
285	380	660
287.5	380	680
290	380	690
292.5	380	610
295	380	590
297.5	380	700
300	380	780
302.5	380	550
305	380	860
307.5	380	540
310	380	610
312.5	380	600
315	380	640
317.5	380	740
320	380	910
322.5	380	750
325	380	830
327.5	380	880
330	380	700
332.5	380	740
335	380	980
337.5	380	980
340	380	1080
342.5	380	1310
345	380	920
347.5	380	1310
350	380	1110
352.5	380	1290
355	380	1110
357.5	380	1310
360	380	1620
362.5	380	2120
365	380	2710
367.5	380	4890
370	380	43810
372.5	380	402890
375	380	1474350
377.5	380	2701160
380	380	3049840
382.5	380	2161210
385	380	893050
387.5	380	189420
390	380	30200
392.5	380	23140
395	380	21830
397.5	380	21640
400	380	23060
402.5	380	26670
405	380	28350
407.5	380	29520
410	380	30220
412.5	380	32000
415	380	34360
417.5	380	35210
420	380	38530
422.5	380	42760
425	380	60230
427.5	380	96420
430	380	148370
432.5	380	203480
435	380	237620
437.5	380	231430
440	380	183050
442.5	380	124620
445	380	81470
447.5	380	59980
450	380	51590
452.5	380	48330
455	380	44290
457.5	380	45150
460	380	42570
462.5	380	41200
465	380	41620
467.5	380	39820
470	380	40190
472.5	380	37650
475	380	37100
477.5	380	36200
480	380	33820
482.5	380	33540
485	380	31460
487.5	380	29810
490	380	30160
492.5	380	28870
495	380	26270
497.5	380	27270
500	380	25500
502.5	380	24050
505	380	23280
507.5	380	22230
510	380	20340
512.5	380	20690
515	380	17950
517.5	380	18000
520	380	17290
522.5	380	16330
525	380	15010
527.5	380	14690
530	380	13000
532.5	380	13960
535	380	12030
537.5	380	11600
540	380	10970
542.5	380	10150
545	380	10080
547.5	380	9290
550	380	8300
250	385	500
252.5	385	530
255	385	700
257.5	385	550
260	385	490
262.5	385	550
265	385	580
267.5	385	690
270	385	640
272.5	385	630
275	385	660
277.5	385	650
280	385	710
282.5	385	890
285	385	520
287.5	385	610
290	385	630
292.5	385	600
295	385	840
297.5	385	610
300	385	620
302.5	385	720
305	385	570
307.5	385	760
310	385	720
312.5	385	660
315	385	770
317.5	385	830
320	385	700
322.5	385	820
325	385	880
327.5	385	750
330	385	830
332.5	385	730
335	385	800
337.5	385	690
340	385	810
342.5	385	920
345	385	1030
347.5	385	1140
350	385	1100
352.5	385	1140
355	385	1160
357.5	385	1280
360	385	1270
362.5	385	1560
365	385	2290
367.5	385	1920
370	385	2560
372.5	385	4740
375	385	34420
377.5	385	382510
380	385	1431670
382.5	385	2838930
385	385	3248940
387.5	385	2275290
390	385	924100
392.5	385	186410
395	385	30920
397.5	385	22090
400	385	21080
402.5	385	22250
405	385	22050
407.5	385	23650
410	385	26130
412.5	385	26910
415	385	27300
417.5	385	27740
420	385	29310
422.5	385	30790
425	385	32730
427.5	385	34970
430	385	42560
432.5	385	59300
435	385	96490
437.5	385	146380
440	385	197130
442.5	385	216650
445	385	202860
447.5	385	151500
450	385	99200
452.5	385	64180
455	385	47380
457.5	385	41540
460	385	39660
462.5	385	38230
465	385	37120
467.5	385	34560
470	385	32740
472.5	385	33510
475	385	32350
477.5	385	31750
480	385	30360
482.5	385	30910
485	385	28210
487.5	385	27810
490	385	26670
492.5	385	25980
495	385	24170
497.5	385	23940
500	385	23740
502.5	385	22220
505	385	20280
507.5	385	19610
510	385	19130
512.5	385	17210
515	385	17360
517.5	385	16600
520	385	16350
522.5	385	15350
525	385	14190
527.5	385	13200
530	385	12780
532.5	385	12070
535	385	11770
537.5	385	10640
540	385	10230
542.5	385	9740
545	385	9200
547.5	385	8040
550	385	8180
250	390	610
252.5	390	700
255	390	540
257.5	390	490
260	390	600
262.5	390	560
265	390	580
267.5	390	430
270	390	500
272.5	390	580
275	390	630
277.5	390	720
280	390	490
282.5	390	660
285	390	670
287.5	390	720
290	390	610
292.5	390	560
295	390	600
297.5	390	680
300	390	600
302.5	390	790
305	390	730
307.5	390	570
310	390	840
312.5	390	700
315	390	730
317.5	390	660
320	390	750
322.5	390	720
325	390	920
327.5	390	680
330	390	710
332.5	390	750
335	390	790
337.5	390	750
340	390	870
342.5	390	1150
345	390	1110
347.5	390	970
350	390	1220
352.5	390	1140
355	390	1100
357.5	390	1260
360	390	1220
362.5	390	1300
365	390	1370
367.5	390	1640
370	390	1800
372.5	390	2300
375	390	2910
377.5	390	4670
380	390	28610
382.5	390	338280
385	390	1377580
387.5	390	2905700
390	390	3438030
392.5	390	2457160
395	390	969540
397.5	390	171130
400	390	29440
402.5	390	22460
405	390	20790
407.5	390	19820
410	390	21850
412.5	390	22720
415	390	23810
417.5	390	24460
420	390	25460
422.5	390	25870
425	390	27880
427.5	390	28650
430	390	29010
432.5	390	30350
435	390	33160
437.5	390	42710
440	390	63450
442.5	390	100550
445	390	150150
447.5	390	189390
450	390	197400
452.5	390	170170
455	390	121180
457.5	390	76000
460	390	49520
462.5	390	39010
465	390	35030
467.5	390	33770
470	390	32670
472.5	390	29770
475	390	29580
477.5	390	28420
480	390	27770
482.5	390	27370
485	390	26140
487.5	390	25860
490	390	23710
492.5	390	24210
495	390	22730
497.5	390	22140
500	390	21490
502.5	390	20210
505	390	19090
507.5	390	18220
510	390	17760
512.5	390	16460
515	390	15990
517.5	390	14960
520	390	14370
522.5	390	14020
525	390	13120
527.5	390	11910
530	390	11710
532.5	390	10910
535	390	10810
537.5	390	9790
540	390	9760
542.5	390	9030
545	390	8570
547.5	390	8390
550	390	7360
250	395	610
252.5	395	590
255	395	470
257.5	395	600
260	395	540
262.5	395	690
265	395	550
267.5	395	560
270	395	470
272.5	395	510
275	395	590
277.5	395	580
280	395	590
282.5	395	640
285	395	520
287.5	395	710
290	395	740
292.5	395	600
295	395	560
297.5	395	820
300	395	580
302.5	395	560
305	395	760
307.5	395	600
310	395	700
312.5	395	680
315	395	700
317.5	395	580
320	395	560
322.5	395	680
325	395	670
327.5	395	820
330	395	870
332.5	395	650
335	395	800
337.5	395	860
340	395	800
342.5	395	790
345	395	750
347.5	395	950
350	395	900
352.5	395	1020
355	395	1060
357.5	395	1260
360	395	1140
362.5	395	1160
365	395	1230
367.5	395	1510
370	395	1150
372.5	395	1920
375	395	2020
377.5	395	1860
380	395	2830
382.5	395	4440
385	395	27850
387.5	395	335290
390	395	1458320
392.5	395	2815720
395	395	3233110
397.5	395	2180080
400	395	792620
402.5	395	142710
405	395	28420
407.5	395	22270
410	395	19820
412.5	395	19540
415	395	20130
417.5	395	20440
420	395	22610
422.5	395	23090
425	395	24140
427.5	395	23890
430	395	25880
432.5	395	26570
435	395	26560
437.5	395	26890
440	395	28980
442.5	395	33370
445	395	44260
447.5	395	70620
450	395	112780
452.5	395	161050
455	395	184500
457.5	395	176460
460	395	140270
462.5	395	91220
465	395	55670
467.5	395	39260
470	395	32640
472.5	395	29870
475	395	28660
477.5	395	27300
480	395	25730
482.5	395	25170
485	395	24170
487.5	395	24100
490	395	23510
492.5	395	21080
495	395	21120
497.5	395	20120
500	395	19820
502.5	395	18730
505	395	18590
507.5	395	16790
510	395	16030
512.5	395	14990
515	395	15740
517.5	395	14300
520	395	13640
522.5	395	13240
525	395	12370
527.5	395	11710
530	395	11360
532.5	395	10690
535	395	10540
537.5	395	9040
540	395	8960
542.5	395	9010
545	395	8260
547.5	395	8070
550	395	7530
250	400	510
252.5	400	550
255	400	570
257.5	400	580
260	400	530
262.5	400	410
265	400	560
267.5	400	630
270	400	570
272.5	400	610
275	400	580
277.5	400	610
280	400	600
282.5	400	510
285	400	530
287.5	400	610
290	400	570
292.5	400	710
295	400	490
297.5	400	620
300	400	600
302.5	400	590
305	400	610
307.5	400	580
310	400	610
312.5	400	650
315	400	520
317.5	400	810
320	400	610
322.5	400	690
325	400	700
327.5	400	770
330	400	720
332.5	400	770
335	400	740
337.5	400	740
340	400	670
342.5	400	680
345	400	800
347.5	400	710
350	400	940
352.5	400	840
355	400	1070
357.5	400	1220
360	400	1030
362.5	400	1100
365	400	1140
367.5	400	1170
370	400	1190
372.5	400	1460
375	400	1410
377.5	400	1700
380	400	1840
382.5	400	2290
385	400	3100
387.5	400	4750
390	400	29850
392.5	400	370240
395	400	1533010
397.5	400	3112240
400	400	3597130
402.5	400	2334580
405	400	787040
407.5	400	129440
410	400	25730
412.5	400	20760
415	400	18470
417.5	400	17650
420	400	18150
422.5	400	19130
425	400	20800
427.5	400	21280
430	400	21200
432.5	400	21420
435	400	21820
437.5	400	21910
440	400	23180
442.5	400	23970
445	400	24130
447.5	400	25970
450	400	32430
452.5	400	49790
455	400	79540
457.5	400	121980
460	400	152670
462.5	400	164790
465	400	143880
467.5	400	103370
470	400	66140
472.5	400	41140
475	400	29870
477.5	400	25900
480	400	24370
482.5	400	23170
485	400	22520
487.5	400	20990
490	400	21120
492.5	400	19820
495	400	18930
497.5	400	18450
500	400	17700
502.5	400	16830
505	400	16220
507.5	400	16220
510	400	15480
512.5	400	14080
515	400	14230
517.5	400	13550
520	400	13080
522.5	400	11700
525	400	11850
527.5	400	11060
530	400	11250
532.5	400	10110
535	400	9560
537.5	400	9130
540	400	9210
542.5	400	8260
545	400	7660
547.5	400	6890
550	400	7160
250	405	630
252.5	405	880
255	405	710
257.5	405	810
260	405	720
262.5	405	700
265	405	860
267.5	405	860
270	405	830
272.5	405	790
275	405	760
277.5	405	780
280	405	700
282.5	405	970
285	405	760
287.5	405	610
290	405	710
292.5	405	630
295	405	720
297.5	405	660
300	405	680
302.5	405	1030
305	405	820
307.5	405	750
310	405	660
312.5	405	810
315	405	880
317.5	405	830
320	405	760
322.5	405	780
325	405	1030
327.5	405	910
330	405	950
332.5	405	910
335	405	960
337.5	405	770
340	405	840
342.5	405	880
345	405	1070
347.5	405	1010
350	405	950
352.5	405	1060
355	405	1180
357.5	405	1400
360	405	1290
362.5	405	1440
365	405	1620
367.5	405	1800
370	405	1550
372.5	405	1920
375	405	1700
377.5	405	2020
380	405	2200
382.5	405	2410
385	405	2290
387.5	405	3600
390	405	4380
392.5	405	7700
395	405	53940
397.5	405	984860
400	405	3510960
402.5	405	5347580
405	405	4606370
407.5	405	2484320
410	405	785760
412.5	405	125610
415	405	24400
417.5	405	19170
420	405	16240
422.5	405	15490
425	405	15310
427.5	405	17190
430	405	17520
432.5	405	18180
435	405	18050
437.5	405	19090
440	405	18730
442.5	405	19370
445	405	19350
447.5	405	19520
450	405	20330
452.5	405	20200
455	405	23940
457.5	405	32860
460	405	51800
462.5	405	83050
465	405	117330
467.5	405	137990
470	405	137070
472.5	405	113830
475	405	78910
477.5	405	51180
480	405	32410
482.5	405	23980
485	405	21010
487.5	405	19180
490	405	18750
492.5	405	17920
495	405	16980
497.5	405	16570
500	405	15460
502.5	405	14610
505	405	14410
507.5	405	13820
510	405	12370
512.5	405	12440
515	405	12450
517.5	405	12010
520	405	11060
522.5	405	10300
525	405	10230
527.5	405	9410
530	405	8910
532.5	405	9120
535	405	8490
537.5	405	7740
540	405	7260
542.5	405	7220
545	405	6880
547.5	405	6610
550	405	6020
250	410	510
252.5	410	500
255	410	620
257.5	410	560
260	410	570
262.5	410	650
265	410	550
267.5	410	560
270	410	620
272.5	410	590
275	410	450
277.5	410	500
280	410	490
282.5	410	560
285	410	540
287.5	410	430
290	410	550
292.5	410	530
295	410	580
297.5	410	550
300	410	560
302.5	410	600
305	410	550
307.5	410	770
310	410	670
312.5	410	630
315	410	630
317.5	410	550
320	410	730
322.5	410	660
325	410	610
327.5	410	620
330	410	720
332.5	410	790
335	410	730
337.5	410	610
340	410	600
342.5	410	720
345	410	650
347.5	410	650
350	410	790
352.5	410	680
355	410	680
357.5	410	780
360	410	820
362.5	410	1040
365	410	1150
367.5	410	1330
370	410	1340
372.5	410	1050
375	410	1220
377.5	410	1210
380	410	1550
382.5	410	1360
385	410	1690
387.5	410	1950
390	410	2090
392.5	410	2670
395	410	3310
397.5	410	5290
400	410	43940
402.5	410	461420
405	410	1633230
407.5	410	2913070
410	410	2967950
412.5	410	1926670
415	410	724460
417.5	410	143640
420	410	21460
422.5	410	16400
425	410	14470
427.5	410	13360
430	410	13550
432.5	410	13610
435	410	13670
437.5	410	15390
440	410	16040
442.5	410	15020
445	410	14460
447.5	410	15180
450	410	15390
452.5	410	15140
455	410	15840
457.5	410	16220
460	410	17310
462.5	410	22350
465	410	34220
467.5	410	55200
470	410	86290
472.5	410	112890
475	410	127250
477.5	410	120630
480	410	93210
482.5	410	62400
485	410	38800
487.5	410	23920
490	410	18440
492.5	410	16040
495	410	15460
497.5	410	14530
500	410	13750
502.5	410	13470
505	410	12570
507.5	410	12000
510	410	12080
512.5	410	11100
515	410	10620
517.5	410	10580
520	410	10110
522.5	410	9400
525	410	8930
527.5	410	9000
530	410	8160
532.5	410	8580
535	410	7860
537.5	410	7170
540	410	6750
542.5	410	6900
545	410	6360
547.5	410	6080
550	410	5970
250	415	580
252.5	415	700
255	415	660
257.5	415	550
260	415	480
262.5	415	570
265	415	610
267.5	415	470
270	415	470
272.5	415	580
275	415	440
277.5	415	600
280	415	640
282.5	415	590
285	415	580
287.5	415	660
290	415	400
292.5	415	650
295	415	580
297.5	415	730
300	415	620
302.5	415	650
305	415	640
307.5	415	620
310	415	660
312.5	415	570
315	415	560
317.5	415	750
320	415	560
322.5	415	810
325	415	720
327.5	415	570
330	415	570
332.5	415	720
335	415	730
337.5	415	760
340	415	490
342.5	415	630
345	415	690
347.5	415	710
350	415	740
352.5	415	750
355	415	730
357.5	415	980
360	415	770
362.5	415	660
365	415	1010
367.5	415	800
370	415	1180
372.5	415	1110
375	415	1250
377.5	415	1320
380	415	1310
382.5	415	1320
385	415	1160
387.5	415	1660
390	415	1610
392.5	415	2010
395	415	2350
397.5	415	2660
400	415	3610
402.5	415	5020
405	415	48650
407.5	415	460640
410	415	1578910
412.5	415	2751780
415	415	2855080
417.5	415	1832480
420	415	637420
422.5	415	114350
425	415	19560
427.5	415	15630
430	415	12700
432.5	415	12320
435	415	11820
437.5	415	11200
440	415	12380
442.5	415	12600
445	415	13020
447.5	415	12910
450	415	12960
452.5	415	13380
455	415	13130
457.5	415	12650
460	415	13320
462.5	415	13670
465	415	14000
467.5	415	15600
470	415	22040
472.5	415	34990
475	415	56600
477.5	415	81760
480	415	100510
482.5	415	112340
485	415	100770
487.5	415	77410
490	415	50830
492.5	415	30450
495	415	20100
497.5	415	15080
500	415	14230
502.5	415	12370
505	415	12010
507.5	415	10580
510	415	10650
512.5	415	10440
515	415	9460
517.5	415	8750
520	415	8430
522.5	415	8360
525	415	7940
527.5	415	7630
530	415	7600
532.5	415	6970
535	415	6960
537.5	415	6720
540	415	6240
542.5	415	6080
545	415	5830
547.5	415	5300
550	415	5040
250	420	600
252.5	420	560
255	420	610
257.5	420	510
260	420	540
262.5	420	520
265	420	580
267.5	420	640
270	420	650
272.5	420	640
275	420	460
277.5	420	510
280	420	480
282.5	420	720
285	420	470
287.5	420	520
290	420	460
292.5	420	530
295	420	610
297.5	420	540
300	420	380
302.5	420	620
305	420	760
307.5	420	520
310	420	530
312.5	420	590
315	420	730
317.5	420	640
320	420	620
322.5	420	780
325	420	560
327.5	420	470
330	420	590
332.5	420	630
335	420	510
337.5	420	540
340	420	590
342.5	420	710
345	420	720
347.5	420	670
350	420	700
352.5	420	640
355	420	720
357.5	420	750
360	420	890
362.5	420	740
365	420	810
367.5	420	910
370	420	930
372.5	420	1120
375	420	1040
377.5	420	1210
380	420	1330
382.5	420	1260
385	420	1440
387.5	420	1830
390	420	1780
392.5	420	1750
395	420	1890
397.5	420	1930
400	420	2340
402.5	420	2700
405	420	3270
407.5	420	5260
410	420	51590
412.5	420	463920
415	420	1608150
417.5	420	2802760
420	420	2973110
422.5	420	1843840
425	420	672280
427.5	420	117730
430	420	19070
432.5	420	13830
435	420	11490
437.5	420	10540
440	420	10690
442.5	420	10510
445	420	10390
447.5	420	11650
450	420	11500
452.5	420	11380
455	420	11850
457.5	420	11530
460	420	11730
462.5	420	11970
465	420	11880
467.5	420	11370
470	420	11780
472.5	420	12270
475	420	15240
477.5	420	21790
480	420	35380
482.5	420	54120
485	420	78690
487.5	420	95510
490	420	100160
492.5	420	87870
495	420	62370
497.5	420	39810
500	420	22500
502.5	420	14590
505	420	11730
507.5	420	11400
510	420	9930
512.5	420	10500
515	420	8900
517.5	420	8470
520	420	7630
522.5	420	7540
525	420	7710
527.5	420	6600
530	420	6920
532.5	420	6780
535	420	6340
537.5	420	5760
540	420	5830
542.5	420	5060
545	420	5010
547.5	420	4610
550	420	4750
250	425	420
252.5	425	410
255	425	540
257.5	425	470
260	425	370
262.5	425	450
265	425	560
267.5	425	500
270	425	570
272.5	425	510
275	425	600
277.5	425	560
280	425	550
282.5	425	420
285	425	450
287.5	425	530
290	425	500
292.5	425	640
295	425	510
297.5	425	460
300	425	520
302.5	425	530
305	425	660
307.5	425	540
310	425	600
312.5	425	580
315	425	540
317.5	425	520
320	425	590
322.5	425	610
325	425	550
327.5	425	580
330	425	680
332.5	425	600
335	425	650
337.5	425	460
340	425	620
342.5	425	490
345	425	570
347.5	425	560
350	425	680
352.5	425	740
355	425	640
357.5	425	760
360	425	890
362.5	425	650
365	425	660
367.5	425	680
370	425	940
372.5	425	930
375	425	960
377.5	425	1130
380	425	1340
382.5	425	1420
385	425	1360
387.5	425	1450
390	425	1580
392.5	425	1800
395	425	1790
397.5	425	1570
400	425	1840
402.5	425	1640
405	425	2030
407.5	425	2590
410	425	2910
412.5	425	4930
415	425	46700
417.5	425	399890
420	425	1383090
422.5	425	2545750
425	425	2828150
427.5	425	1821770
430	425	670030
432.5	425	120410
435	425	18360
437.5	425	13090
440	425	11350
442.5	425	9780
445	425	9200
447.5	425	9490
450	425	9310
452.5	425	9790
455	425	9960
457.5	425	10250
460	425	10040
462.5	425	9860
465	425	9680
467.5	425	9610
470	425	9510
472.5	425	9440
475	425	9520
477.5	425	9580
480	425	9710
482.5	425	14100
485	425	22300
487.5	425	33300
490	425	51540
492.5	425	71490
495	425	83050
497.5	425	81820
500	425	70380
502.5	425	49330
505	425	29150
507.5	425	17120
510	425	11700
512.5	425	9500
515	425	8350
517.5	425	8090
520	425	7420
522.5	425	7320
525	425	6640
527.5	425	6370
530	425	5910
532.5	425	6090
535	425	6040
537.5	425	4990
540	425	5120
542.5	425	4920
545	425	5130
547.5	425	4320
550	425	4230
250	430	480
252.5	430	560
255	430	540
257.5	430	520
260	430	450
262.5	430	590
265	430	500
267.5	430	400
270	430	320
272.5	430	560
275	430	450
277.5	430	550
280	430	370
282.5	430	490
285	430	440
287.5	430	460
290	430	570
292.5	430	560
295	430	520
297.5	430	590
300	430	600
302.5	430	620
305	430	600
307.5	430	610
310	430	590
312.5	430	590
315	430	620
317.5	430	600
320	430	550
322.5	430	620
325	430	600
327.5	430	410
330	430	460
332.5	430	620
335	430	530
337.5	430	540
340	430	780
342.5	430	510
345	430	630
347.5	430	650
350	430	600
352.5	430	530
355	430	710
357.5	430	640
360	430	770
362.5	430	680
365	430	660
367.5	430	760
370	430	890
372.5	430	980
375	430	900
377.5	430	1090
380	430	1090
382.5	430	1130
385	430	1250
387.5	430	1520
390	430	1430
392.5	430	1520
395	430	1460
397.5	430	1580
400	430	1810
402.5	430	1710
405	430	1840
407.5	430	1910
410	430	2010
412.5	430	2460
415	430	3180
417.5	430	4900
420	430	42980
422.5	430	382310
425	430	1304740
427.5	430	2467750
430	430	2774220
432.5	430	1987530
435	430	877060
437.5	430	182230
440	430	18590
442.5	430	12270
445	430	9560
447.5	430	8930
450	430	8430
452.5	430	8070
455	430	8440
457.5	430	8410
460	430	8920
462.5	430	8370
465	430	8620
467.5	430	7640
470	430	7710
472.5	430	8310
475	430	8850
477.5	430	7660
480	430	7470
482.5	430	8090
485	430	8290
487.5	430	9600
490	430	12990
492.5	430	20060
495	430	32390
497.5	430	50360
500	430	65720
502.5	430	73120
505	430	69850
507.5	430	54750
510	430	35930
512.5	430	21840
515	430	12690
517.5	430	9330
520	430	7680
522.5	430	7020
525	430	7220
527.5	430	6030
530	430	5710
532.5	430	5400
535	430	5420
537.5	430	4580
540	430	4830
542.5	430	4630
545	430	4440
547.5	430	4120
550	430	4040
250	435	380
252.5	435	410
255	435	480
257.5	435	600
260	435	390
262.5	435	540
265	435	500
267.5	435	410
270	435	530
272.5	435	690
275	435	550
277.5	435	460
280	435	510
282.5	435	630
285	435	440
287.5	435	500
290	435	660
292.5	435	480
295	435	610
297.5	435	440
300	435	570
302.5	435	500
305	435	530
307.5	435	700
310	435	570
312.5	435	600
315	435	610
317.5	435	520
320	435	490
322.5	435	600
325	435	710
327.5	435	510
330	435	450
332.5	435	710
335	435	580
337.5	435	600
340	435	650
342.5	435	490
345	435	530
347.5	435	560
350	435	640
352.5	435	630
355	435	680
357.5	435	560
360	435	810
362.5	435	890
365	435	840
367.5	435	720
370	435	690
372.5	435	730
375	435	830
377.5	435	800
380	435	920
382.5	435	1150
385	435	1200
387.5	435	1290
390	435	1280
392.5	435	1520
395	435	1400
397.5	435	1380
400	435	1540
402.5	435	1470
405	435	1870
407.5	435	1850
410	435	1640
412.5	435	2250
415	435	1910
417.5	435	2160
420	435	2720
422.5	435	4550
425	435	29750
427.5	435	321380
430	435	1203520
432.5	435	2336480
435	435	2720880
437.5	435	1933760
440	435	762270
442.5	435	145910
445	435	17180
447.5	435	11770
450	435	9650
452.5	435	8240
455	435	7320
457.5	435	7310
460	435	7440
462.5	435	7330
465	435	7750
467.5	435	8140
470	435	7410
472.5	435	7350
475	435	7050
477.5	435	7040
480	435	7560
482.5	435	7060
485	435	7140
487.5	435	6670
490	435	7060
492.5	435	7610
495	435	9400
497.5	435	12930
500	435	20690
502.5	435	31960
505	435	47930
507.5	435	60160
510	435	66660
512.5	435	59500
515	435	45020
517.5	435	29100
520	435	17530
522.5	435	11040
525	435	7550
527.5	435	6240
530	435	5900
532.5	435	5340
535	435	5180
537.5	435	5150
540	435	4520
542.5	435	4520
545	435	4040
547.5	435	4140
550	435	3980
250	440	460
252.5	440	480
255	440	440
257.5	440	490
260	440	520
262.5	440	540
265	440	430
267.5	440	490
270	440	410
272.5	440	540
275	440	550
277.5	440	490
280	440	560
282.5	440	490
285	440	630
287.5	440	490
290	440	590
292.5	440	580
295	440	510
297.5	440	630
300	440	480
302.5	440	620
305	440	470
307.5	440	510
310	440	540
312.5	440	600
315	440	580
317.5	440	540
320	440	610
322.5	440	500
325	440	520
327.5	440	620
330	440	560
332.5	440	610
335	440	560
337.5	440	650
340	440	630
342.5	440	670
345	440	580
347.5	440	560
350	440	520
352.5	440	590
355	440	650
357.5	440	670
360	440	630
362.5	440	850
365	440	730
367.5	440	860
370	440	910
372.5	440	810
375	440	610
377.5	440	880
380	440	1020
382.5	440	1060
385	440	1290
387.5	440	1310
390	440	1550
392.5	440	1400
395	440	1350
397.5	440	1570
400	440	1610
402.5	440	1550
405	440	1550
407.5	440	1620
410	440	1650
412.5	440	1660
415	440	1520
417.5	440	1670
420	440	2060
422.5	440	2070
425	440	2750
427.5	440	3590
430	440	20860
432.5	440	255400
435	440	1128740
437.5	440	2308130
440	440	2729240
442.5	440	1971070
445	440	774570
447.5	440	147930
450	440	16620
452.5	440	10510
455	440	8670
457.5	440	6960
460	440	6900
462.5	440	6160
465	440	6480
467.5	440	6480
470	440	6970
472.5	440	7420
475	440	7570
477.5	440	6360
480	440	6760
482.5	440	6770
485	440	6620
487.5	440	6180
490	440	6230
492.5	440	6280
495	440	6210
497.5	440	6040
500	440	7010
502.5	440	8270
505	440	12740
507.5	440	21190
510	440	33560
512.5	440	45410
515	440	55560
517.5	440	57460
520	440	51070
522.5	440	37570
525	440	24210
527.5	440	13620
530	440	9220
532.5	440	6290
535	440	5620
537.5	440	4980
540	440	4640
542.5	440	4720
545	440	4020
547.5	440	3910
550	440	3800
250	445	440
252.5	445	510
255	445	490
257.5	445	440
260	445	520
262.5	445	460
265	445	410
267.5	445	350
270	445	410
272.5	445	480
275	445	510
277.5	445	630
280	445	320
282.5	445	590
285	445	600
287.5	445	620
290	445	400
292.5	445	510
295	445	480
297.5	445	570
300	445	600
302.5	445	420
305	445	530
307.5	445	590
310	445	580
312.5	445	540
315	445	550
317.5	445	580
320	445	570
322.5	445	510
325	445	600
327.5	445	680
330	445	550
332.5	445	690
335	445	480
337.5	445	610
340	445	530
342.5	445	510
345	445	610
347.5	445	490
350	445	620
352.5	445	540
355	445	620
357.5	445	510
360	445	590
362.5	445	620
365	445	710
367.5	445	780
370	445	870
372.5	445	750
375	445	890
377.5	445	1070
380	445	880
382.5	445	1030
385	445	1200
387.5	445	1060
390	445	1090
392.5	445	1370
395	445	1360
397.5	445	1630
400	445	1390
402.5	445	1520
405	445	1410
407.5	445	1370
410	445	1590
412.5	445	1410
415	445	1330
417.5	445	1550
420	445	1950
422.5	445	1690
425	445	1930
427.5	445	1920
430	445	2130
432.5	445	3700
435	445	16350
437.5	445	220580
440	445	979000
442.5	445	2137870
445	445	2674550
447.5	445	1998460
450	445	813470
452.5	445	157070
455	445	16010
457.5	445	9900
460	445	8200
462.5	445	7440
465	445	6500
467.5	445	5880
470	445	5890
472.5	445	6330
475	445	6070
477.5	445	5970
480	445	6430
482.5	445	6040
485	445	6040
487.5	445	6170
490	445	5710
492.5	445	5820
495	445	5240
497.5	445	5630
500	445	5360
502.5	445	5620
505	445	5200
507.5	445	6270
510	445	8270
512.5	445	13190
515	445	21200
517.5	445	31840
520	445	42100
522.5	445	49080
525	445	47760
527.5	445	43550
530	445	31470
532.5	445	20860
535	445	12700
537.5	445	7430
540	445	5410
542.5	445	4750
545	445	4310
547.5	445	4240
550	445	3900
250	450	450
252.5	450	510
255	450	550
257.5	450	510
260	450	580
262.5	450	490
265	450	420
267.5	450	460
270	450	440
272.5	450	470
275	450	400
277.5	450	480
280	450	550
282.5	450	410
285	450	560
287.5	450	590
290	450	610
292.5	450	550
295	450	540
297.5	450	640
300	450	410
302.5	450	480
305	450	530
307.5	450	590
310	450	590
312.5	450	440
315	450	590
317.5	450	650
320	450	490
322.5	450	670
325	450	600
327.5	450	670
330	450	690
332.5	450	580
335	450	550
337.5	450	570
340	450	360
342.5	450	650
345	450	770
347.5	450	600
350	450	810
352.5	450	620
355	450	590
357.5	450	670
360	450	580
362.5	450	690
365	450	750
367.5	450	860
370	450	800
372.5	450	870
375	450	780
377.5	450	890
380	450	1020
382.5	450	900
385	450	1160
387.5	450	1090
390	450	1280
392.5	450	1180
395	450	1350
397.5	450	1430
400	450	1660
402.5	450	1470
405	450	1350
407.5	450	1540
410	450	1420
412.5	450	1500
415	450	1550
417.5	450	1530
420	450	1390
422.5	450	1610
425	450	1560
427.5	450	1540
430	450	1890
432.5	450	2080
435	450	2600
437.5	450	3670
440	450	15120
442.5	450	220390
445	450	1072220
447.5	450	2393130
450	450	2941140
452.5	450	2018460
455	450	735780
457.5	450	124020
460	450	14280
462.5	450	9710
465	450	8360
467.5	450	6950
470	450	5620
472.5	450	5740
475	450	5100
477.5	450	5520
480	450	5990
482.5	450	5920
485	450	6250
487.5	450	6400
490	450	5900
492.5	450	5620
495	450	5870
497.5	450	5820
500	450	5330
502.5	450	5340
505	450	5040
507.5	450	4920
510	450	5100
512.5	450	5260
515	450	6560
517.5	450	9120
520	450	14490
522.5	450	22390
525	450	33220
527.5	450	42630
530	450	48500
532.5	450	46580
535	450	39480
537.5	450	28110
540	450	17730
542.5	450	10370
545	450	6120
547.5	450	5190
550	450	4590
