Wavelength	240	245	250	255	260	265	270	275	280	285	290	295	300	305	310	315	320	325	330	335	340	345	350	355	360	365	370	375	380	385	390	395	400	405	410	415	420	425	430	435	440	445	450
nm	CPS	CPS	CPS	CPS	CPS	CPS	CPS	CPS	CPS	CPS	CPS	CPS	CPS	CPS	CPS	CPS	CPS	CPS	CPS	CPS	CPS	CPS	CPS	CPS	CPS	CPS	CPS	CPS	CPS	CPS	CPS	CPS	CPS	CPS	CPS	CPS	CPS	CPS	CPS	CPS	CPS	CPS	CPS
250	420	1520	10220	10620	1290	490	680	770	960	1580	1770	2110	2390	2000	1820	1460	1260	960	880	890	980	750	870	780	680	700	720	600	550	500	610	610	510	630	510	580	600	420	480	380	460	440	450
252.5	430	480	6480	18170	6870	620	820	940	1170	1660	1750	2290	2160	2260	1880	1570	1160	810	800	710	810	900	900	750	700	800	640	690	610	530	700	590	550	880	500	700	560	410	560	410	480	510	510
255	570	520	2490	20450	20120	1970	530	980	1240	1460	1850	2140	2230	2170	2280	1160	1160	870	710	950	870	700	690	840	640	650	570	660	470	700	540	470	570	710	620	660	610	540	540	480	440	490	550
257.5	930	530	760	13410	35130	10530	780	920	1070	1260	2010	2500	2300	2390	1900	1810	1000	1040	920	690	700	680	810	810	630	750	790	690	680	550	490	600	580	810	560	550	510	470	520	600	490	440	510
260	1310	1080	430	5820	39670	34630	2500	940	1410	1600	1670	2230	2580	1980	1710	1350	1100	830	760	790	720	840	730	670	580	670	600	910	640	490	600	540	530	720	570	480	540	370	450	390	520	520	580
262.5	1530	1960	620	1650	27970	67420	17750	990	1150	1460	1690	2130	2370	1900	1910	1350	1320	970	820	840	880	920	710	820	620	710	590	630	500	550	560	690	410	700	650	570	520	450	590	540	540	460	490
265	1280	3110	1500	980	10900	77490	63500	3490	1480	1690	1970	2360	2420	2100	1760	1360	1060	960	1000	890	820	840	780	750	720	650	670	680	680	580	580	550	560	860	550	610	580	560	500	500	430	410	420
267.5	990	3520	3140	1060	2590	52670	121630	24950	1450	1730	1750	2280	2380	2150	1940	1480	1380	1010	980	810	1010	780	670	660	850	790	650	570	650	690	430	560	630	860	560	470	640	500	400	410	490	350	460
270	390	3070	6670	1970	1700	22510	143670	91490	4940	1780	1790	2310	2550	2250	1600	1260	1130	1060	940	640	760	800	650	750	800	820	640	700	620	640	500	470	570	830	620	470	650	570	320	530	410	410	440
272.5	490	1960	8260	5710	1920	6060	99810	191630	38260	1930	1820	2520	2350	2380	1890	1590	1060	1100	920	810	860	1010	800	740	720	750	730	500	520	630	580	510	610	790	590	580	640	510	560	690	540	480	470
275	480	1040	7690	10410	3630	3650	40820	239060	145570	8990	2170	2530	2450	2440	1750	1880	1220	1000	840	940	970	850	690	670	760	640	680	750	620	660	630	590	580	760	450	440	460	600	450	550	550	510	400
277.5	470	870	5490	16340	8210	4540	11900	184310	294680	62390	2500	2450	2320	2380	2060	1620	1340	1040	830	920	840	840	800	890	790	580	610	620	610	650	720	580	610	780	500	600	510	560	550	460	490	630	480
280	480	740	3130	16340	18020	6710	7860	76910	346350	228450	11860	2810	2370	2300	2050	1710	1160	960	1010	1010	910	770	750	720	660	590	620	680	770	710	490	590	600	700	490	640	480	550	370	510	560	320	550
282.5	600	970	2160	12840	27060	13100	11080	22300	243390	444280	95170	3320	2770	2340	2050	1680	1290	870	860	950	1150	740	830	680	720	770	630	610	530	890	660	640	510	970	560	590	720	420	490	630	490	590	410
285	900	1030	2140	8320	33560	28040	17160	18650	98080	500180	334400	18900	3130	2550	1900	1800	1130	1130	940	1010	1210	1020	770	790	760	690	720	750	660	520	670	520	530	760	540	580	470	450	440	440	630	600	560
287.5	1140	1610	3110	6650	30750	46720	26910	28360	39980	338230	619950	149460	3510	2450	2150	1760	1490	1230	880	1100	980	820	820	830	840	770	690	710	680	610	720	710	610	610	430	660	520	530	460	500	490	620	590
290	1170	2180	3360	7300	21310	63670	49250	38930	37990	135780	659170	517490	30560	2750	2300	2000	1520	1220	1030	950	960	780	720	710	610	840	640	550	690	630	610	740	570	710	550	400	460	500	570	660	590	400	610
292.5	1420	2440	4930	8840	17780	62730	78680	51390	50640	49080	415140	960950	222450	3820	2520	2000	1390	1080	1270	1140	940	800	830	810	740	820	660	720	610	600	560	600	710	630	530	650	530	640	560	480	580	510	550
295	1800	3320	6150	10580	19080	52000	106790	75090	60290	42750	144010	934910	670420	38650	2840	2170	1620	1200	1140	980	980	1020	770	880	620	700	730	630	590	840	600	560	490	720	580	580	610	510	520	610	510	480	540
297.5	2060	3980	6670	11620	20210	43980	116550	111950	73310	49050	38850	532900	1097040	248750	4080	2020	1540	1430	1420	1040	1050	1080	680	740	740	810	750	690	700	610	680	820	620	660	550	730	540	460	590	440	630	570	640
300	2550	4220	7970	12930	22750	40650	102450	150580	93730	54750	23700	165040	1049240	768850	50640	2570	1750	1280	1350	1070	1110	1200	970	850	820	740	620	690	780	620	600	580	600	680	560	620	380	520	600	570	480	600	410
302.5	2580	4690	8820	14280	23650	40100	83540	170880	127100	61120	25100	34380	620640	1250030	324070	4380	1900	1510	1380	1180	1270	1070	890	830	660	760	690	640	550	720	790	560	590	1030	600	650	620	530	620	500	620	420	480
305	2830	5490	9340	15750	24530	41740	72120	162840	169240	71030	27330	17690	203690	1241950	965690	47900	2580	1670	1330	1180	1250	1110	970	920	760	670	780	900	860	570	730	760	610	820	550	640	760	660	600	530	470	530	530
307.5	2810	5940	9870	16430	27060	42840	66210	133130	204250	98160	30320	17740	41750	738270	1543840	328750	4050	1950	1730	1160	1340	1110	1160	1160	630	710	740	640	540	760	570	600	580	750	770	620	520	540	610	700	510	590	590
310	3140	6580	10400	17320	27660	43820	67930	106940	200910	142060	35640	20230	19400	255990	1506820	986360	46920	2440	1530	1320	1290	1350	1180	880	1080	870	730	680	610	720	840	700	610	660	670	660	530	600	590	570	540	580	590
312.5	3280	6230	11570	17500	27710	42880	67160	91020	168320	190340	53850	21250	19460	51550	927170	1745630	323450	4280	1750	1530	1330	1430	1120	930	1140	680	800	710	600	660	700	680	650	810	630	570	590	580	590	600	600	540	440
315	3090	6290	11400	17210	27150	42250	64230	85590	126550	204040	92460	25230	21860	19770	329000	1856980	1052320	43040	2060	1360	1130	1450	1280	980	820	820	840	710	640	770	730	700	520	880	630	560	730	540	620	610	580	550	590
317.5	3390	6130	11030	17450	26840	42410	61040	79250	98560	176350	153530	37040	23180	18480	61610	1191910	1847380	336030	3660	1940	1630	1310	1280	1220	1190	860	790	730	740	830	660	580	810	830	550	750	640	520	600	520	540	580	650
320	3210	6460	11300	16890	25440	41220	58410	75310	83720	128560	199540	74630	25360	20030	18260	428260	1989810	1150780	31560	2290	1780	1460	1150	980	1120	1040	870	710	910	700	750	560	610	760	730	560	620	590	550	490	610	570	490
322.5	3260	6260	10510	15720	25170	38050	55860	72580	79760	86910	194980	135630	31890	21030	16990	83760	1356510	2000360	309230	3330	2120	1750	1250	1170	1240	1230	860	870	750	820	720	680	690	780	660	810	780	610	620	600	500	510	670
325	3130	5800	10050	16020	24440	35020	52520	68420	74020	65700	146040	194620	57950	22290	17090	18690	521640	2227320	1117710	26700	2480	1700	1400	1210	1080	1070	900	790	830	880	920	670	700	1030	610	720	560	550	600	710	520	600	600
327.5	2700	6230	9930	15570	22160	34080	49210	63580	69770	58990	91590	220810	115710	25300	17370	14650	94900	1496170	2164940	289690	3750	2160	1570	1420	1170	1320	970	920	880	750	680	820	770	910	620	570	470	580	410	510	620	680	670
330	2900	5830	9600	14990	22050	31510	46370	57690	66000	54480	53770	178750	194480	39690	18740	15660	18710	575090	2473400	1110860	31720	2910	1660	1360	1290	1200	1080	910	700	830	710	870	720	950	720	570	590	680	460	450	560	550	690
332.5	3060	5610	9890	13720	19320	29120	41480	54980	62170	52480	43310	118610	243740	87260	19940	16230	15430	114250	1781020	2195430	325630	4040	1810	1490	1460	1090	1140	890	740	730	750	650	770	910	790	720	630	600	620	710	610	690	580
335	2990	5480	8440	12990	19540	27870	38970	53110	58370	50290	40030	66860	232530	167030	28390	16340	15290	20900	729880	2486880	1246940	38910	2530	1480	1520	1080	1120	1000	980	800	790	800	740	960	730	730	510	650	530	580	560	480	550
337.5	3320	5130	8400	11880	19060	26570	36100	49210	55890	48720	38880	44010	162450	241860	63730	18480	16500	16100	137010	1717020	2506630	448090	3970	1970	1460	1230	1200	1110	980	690	750	860	740	770	610	760	540	460	540	600	650	610	570
340	2860	4890	8320	11990	17310	24060	33610	44830	53030	47170	38730	38060	93190	263360	138880	23210	16730	16020	22330	682010	2978550	1747770	45160	2460	1500	1390	1090	1070	1080	810	870	800	670	840	600	490	590	620	780	650	630	530	360
342.5	2810	5150	7670	10960	16060	22750	32220	43320	50780	46140	40770	40510	55940	210100	234490	46460	17830	17110	16770	155890	2095280	3087580	424690	4350	1980	1450	1110	1190	1310	920	1150	790	680	880	720	630	710	490	510	490	670	510	650
345	2800	4650	7260	10270	14820	21000	30510	40970	49790	46290	43740	44200	48720	131470	289500	107800	21440	17520	16890	25450	775550	3005910	1586080	57160	2770	1960	1330	1240	920	1030	1110	750	800	1070	650	690	720	570	630	530	580	610	770
347.5	2940	5060	7680	9770	14290	19830	29840	38340	46610	49860	49370	51060	54240	80480	272230	210450	35950	18040	17360	17070	114780	1708950	2890860	500480	4550	2060	1420	1320	1310	1140	970	950	710	1010	650	710	670	560	650	560	560	490	600
350	3110	4410	6560	9440	13470	19520	29980	39780	50060	55240	57870	63470	67810	68020	193850	303370	81130	20730	19120	16600	21580	553440	2947830	1663240	60020	2740	1940	1470	1110	1100	1220	900	940	950	790	740	700	680	600	640	520	620	810
352.5	3110	5030	7150	9250	12800	18870	27000	40270	54490	64270	73660	83190	86600	81900	128370	317100	174190	29660	21230	18430	17600	94240	1779360	2807510	501510	4790	1990	1270	1290	1140	1140	1020	840	1060	680	750	640	740	530	630	590	540	620
355	3040	4950	6820	8990	13050	19280	29830	43610	61740	80120	96450	112590	121660	110350	108660	263370	282730	61210	25150	21550	17960	22330	593470	2849840	1652400	70230	2720	1730	1110	1160	1100	1060	1070	1180	680	730	720	640	710	680	650	620	590
357.5	3960	5420	6910	9090	13390	20130	31460	52860	75680	101570	130790	157590	169180	155170	132770	195170	352500	133350	30860	24040	21620	19280	99530	1722320	2860330	539500	4590	2100	1310	1280	1260	1260	1220	1400	780	980	750	760	640	560	670	510	670
360	4430	5700	7160	9780	13600	21760	36330	60670	96120	135720	182090	218560	236980	222340	181580	162240	341040	240730	49460	29280	25200	21660	24670	582020	2899430	1692770	65170	2700	1620	1270	1220	1140	1030	1290	820	770	890	890	770	810	630	590	580
362.5	5730	6380	7120	9790	14430	24950	42990	76560	123780	181380	245670	300020	327880	306480	244910	177880	272660	343660	97540	37010	30270	25460	23090	100140	1806760	2789000	515620	5090	2120	1560	1300	1160	1100	1440	1040	660	740	650	680	890	850	620	690
365	6730	7630	7480	10610	15990	28510	53370	94630	156520	236140	332730	407490	444960	412520	330350	223090	216470	386460	187520	50060	37200	30850	24430	27800	638280	2860420	1644620	57710	2710	2290	1370	1230	1140	1620	1150	1010	810	660	660	840	730	710	750
367.5	7810	8040	8550	11130	17640	32750	64390	120030	204480	310640	441500	537510	591760	545930	437220	291190	205950	343710	299760	84160	45840	36090	29930	25570	118290	1843790	2761230	476550	4890	1920	1640	1510	1170	1800	1330	800	910	680	760	720	860	780	860
370	9240	9360	9950	12640	20430	39460	77620	153230	258570	400710	568690	691020	758310	711120	565340	375690	236980	275730	389210	147770	57580	42430	34970	28210	31900	671850	2915210	1575480	43810	2560	1800	1150	1190	1550	1340	1180	930	940	890	690	910	870	800
372.5	11810	10940	10700	13670	23100	45630	94490	188870	325380	503440	716670	871740	970250	894430	709360	469860	288350	230990	402920	259150	80430	51380	40980	32480	25710	127980	1921090	2778930	402890	4740	2300	1920	1460	1920	1050	1110	1120	930	980	730	810	750	870
375	13480	12370	11850	15570	27180	53930	113630	228430	396440	623950	895720	1088080	1200480	1113160	886810	594270	347960	228980	352330	376340	130540	63250	46550	36810	27980	31600	712830	2966970	1474350	34420	2910	2020	1410	1700	1220	1250	1040	960	900	830	610	890	780
377.5	15870	15400	13380	17610	31530	63480	132550	270210	477960	750940	1064610	1306620	1436020	1339450	1058230	700570	420500	259230	284640	434260	216230	76970	54150	40210	31770	27090	146040	2018670	2701160	382510	4670	1860	1700	2020	1210	1320	1210	1130	1090	800	880	1070	890
380	19120	16840	14540	18660	35400	72860	158280	317870	565450	887720	1253920	1544400	1696390	1580220	1268710	844410	496190	293140	241330	416750	330670	110090	61720	46980	35860	27000	31330	787490	3049840	1431670	28610	2830	1840	2200	1550	1310	1330	1340	1090	920	1020	880	1020
382.5	22210	19130	16340	21550	39230	83460	182400	370450	654980	1031220	1457140	1799150	1972330	1826420	1461340	964360	573240	342290	243930	344650	426950	170830	73130	53210	39650	29670	24970	160150	2161210	2838930	338280	4440	2290	2410	1360	1320	1260	1420	1130	1150	1060	1030	900
385	24840	22390	18560	24400	42760	94280	207710	420860	737620	1172060	1678250	2030910	2236140	2078820	1665660	1106250	661990	391680	265890	279150	451270	274360	89760	60090	45120	32520	24220	28840	893050	3248940	1377580	27850	3100	2290	1690	1160	1440	1360	1250	1200	1290	1200	1160
387.5	27100	24110	20130	26280	48000	105530	228810	465310	829130	1312290	1851540	2251130	2487540	2304820	1858120	1229820	744540	434970	298670	255650	401250	379170	133340	67570	48070	35930	25680	23910	189420	2275290	2905700	335290	4750	3600	1950	1660	1830	1450	1520	1290	1310	1060	1090
390	30150	26610	22100	28220	51820	114280	246340	509040	901710	1422900	2014960	2456350	2700110	2520520	2033720	1353720	809650	475110	320320	258080	319170	442390	211650	78090	54600	40770	27990	21840	30200	924100	3438030	1458320	29850	4380	2090	1610	1780	1580	1430	1280	1550	1090	1280
392.5	31230	27650	23480	29980	54590	120370	267110	546830	960830	1517360	2146160	2633580	2879460	2682460	2171260	1444680	867480	517180	348350	273290	261690	417180	316270	104790	59790	42750	31100	22350	23140	186410	2457160	2815720	370240	7700	2670	2010	1750	1800	1520	1520	1400	1370	1180
395	33500	28810	23560	31560	58330	127710	280420	573500	1009490	1596110	2286780	2770960	3026750	2840020	2259020	1526260	913180	544910	369180	291210	245510	340740	399520	156260	65640	45780	34650	25550	21830	30920	969540	3233110	1533010	53940	3310	2350	1890	1790	1460	1400	1350	1360	1350
397.5	34740	29920	25200	32850	59570	130910	288410	590780	1052020	1653120	2331910	2854940	3143120	2926340	2390780	1579210	968940	567490	388230	310360	248890	257150	414340	246930	78670	51210	36210	28190	21640	22090	171130	2180080	3112240	984860	5290	2660	1930	1570	1580	1380	1570	1630	1430
400	35880	30920	26100	31860	63540	135270	297710	609240	1077970	1700770	2402700	2923240	3218530	2996420	2417180	1624160	982160	596180	413770	322370	256850	221250	353870	339220	112180	54960	40110	31670	23060	21080	29440	792620	3597130	3510960	43940	3610	2340	1840	1810	1540	1610	1390	1660
402.5	36940	31740	26140	35010	62360	135560	300450	611540	1076950	1715740	2416430	2965650	3260930	3053240	2474730	1661510	1014430	612650	422620	339500	268380	210550	264600	385710	180360	64570	42130	33090	26670	22250	22460	142710	2334580	5347580	461420	5020	2700	1640	1710	1470	1550	1520	1470
405	37360	31500	26060	34770	62790	137300	299900	608490	1098690	1735690	2433170	2985950	3268540	3062850	2469110	1658690	1017010	620590	433790	346950	272530	211790	201070	359070	266670	83770	45890	34180	28350	22050	20790	28420	787040	4606370	1633230	48650	3270	2030	1840	1870	1550	1410	1350
407.5	37670	32210	26450	34260	63600	138660	301110	614530	1093570	1709410	2432520	2964900	3255060	3078240	2501550	1681320	1032290	632770	444340	354960	286930	217970	177600	276410	335320	126110	47780	36810	29520	23650	19820	22270	129440	2484320	2913070	460640	5260	2590	1910	1850	1620	1370	1540
410	35510	32090	26340	34000	62620	135140	298680	609280	1080020	1701600	2401130	2949110	3215400	3013100	2445770	1656600	1013820	630620	450210	361010	288150	222070	168860	200350	345450	198100	59670	40020	30220	26130	21850	19820	25730	785760	2967950	1578910	51590	2910	2010	1640	1650	1590	1420
412.5	34880	31450	27450	34510	61990	133490	293060	598380	1052970	1669370	2367630	2897070	3182220	2974310	2421840	1649010	1008660	626820	449790	368630	296250	227220	172000	156560	298500	276600	84850	40560	32000	26910	22720	19540	20760	125610	1926670	2751780	463920	4930	2460	2250	1660	1410	1500
415	35690	30960	27190	33100	60000	129390	281200	582450	1030780	1624150	2308650	2833120	3101030	2918470	2362540	1611770	994530	628590	448230	371240	298210	228200	170400	138530	216920	319400	134480	45350	34360	27300	23810	20130	18470	24400	724460	2855080	1608150	46700	3180	1910	1520	1330	1550
417.5	35320	29510	25130	33750	59080	127350	279250	565400	1012460	1593600	2243030	2733780	3012700	2834350	2340620	1589690	987930	616360	446370	368830	298950	233920	174810	136050	153480	299160	204300	60820	35210	27740	24460	20440	17650	19170	143640	1832480	2802760	399890	4900	2160	1670	1550	1530
420	32650	28420	25750	33360	57300	122870	268360	548630	969130	1535300	2187460	2652540	2929060	2747520	2235960	1530250	954410	612770	444840	366420	302050	234990	175570	136300	121990	236280	269220	91580	38530	29310	25460	22610	18150	16240	21460	637420	2973110	1383090	42980	2720	2060	1950	1390
422.5	32760	28830	25980	31500	56160	117490	255890	526430	934830	1476560	2085340	2574580	2819160	2649940	2167530	1486010	934620	592720	437700	361950	299130	236820	178510	137090	112180	168780	293210	142420	42760	30790	25870	23090	19130	15490	16400	114350	1843840	2545750	382310	4550	2070	1690	1610
425	30170	27610	24480	31370	55550	114480	245590	503950	903110	1423550	2008370	2456450	2721270	2557090	2104610	1433140	904060	582710	431570	358930	293350	230990	179210	135530	108330	119100	260980	206570	60230	32730	27880	24140	20800	15310	14470	19560	672280	2828150	1304740	29750	2750	1930	1560
427.5	29820	26250	23510	30270	52000	109440	233680	486780	864020	1349510	1931250	2351190	2585380	2439710	1988940	1384040	868750	561970	422520	349580	296010	234430	180400	136250	107970	97060	199380	258510	96420	34970	28650	23890	21280	17190	13360	15630	117730	1821770	2467750	321380	3590	1920	1540
430	28210	26160	21960	29490	50880	104490	223340	455190	808950	1288610	1830680	2233330	2458310	2320360	1896320	1301710	832770	546790	410480	343960	290990	227950	178410	136110	105340	86660	134490	263380	148370	42560	29010	25880	21200	17520	13550	12700	19070	670030	2774220	1203520	20860	2130	1890
432.5	27020	24460	22770	27060	48060	98240	212150	430400	776980	1225670	1736460	2130060	2327200	2214290	1798490	1245220	793630	521200	395690	340060	285570	226690	175400	139440	105610	84600	94350	217990	203480	59300	30350	26570	21420	18180	13610	12320	13830	120410	1987530	2336480	255400	3700	2080
435	26460	24140	22360	26400	46400	93180	199040	403210	730520	1151860	1634310	2011390	2213990	2111230	1740350	1184480	764290	504110	385670	327410	273220	220710	173770	132640	103660	85360	76150	158360	237620	96490	33160	26560	21820	18050	13670	11820	11490	18360	877060	2720880	1128740	16350	2600
437.5	24270	21610	20970	26780	44050	87640	189700	391080	679430	1086660	1546140	1911240	2080510	1974320	1614310	1118270	709720	477480	371350	317380	265330	218170	167800	131170	102350	84490	70520	104560	231430	146380	42710	26890	21910	19090	15390	11200	10540	13090	182230	1933760	2308130	220580	3670
440	22780	21200	19950	24690	40680	82680	176080	361130	634430	1011060	1435960	1785550	1955960	1858290	1524940	1042190	682520	457880	354230	302120	256860	210330	164130	130490	102110	80890	67860	73530	183050	197130	63450	28980	23180	18730	16040	12380	10690	11350	18590	762270	2729240	979000	15120
442.5	21060	19180	19100	23460	38700	76760	168160	337710	589030	936420	1336150	1648040	1818520	1732760	1414260	986100	638790	439690	337940	295010	250530	203740	159850	126440	98740	80620	65530	61540	124620	216650	100550	33370	23970	19370	15020	12600	10510	9780	12270	145910	1971070	2137870	220390
445	20250	19080	18390	22640	37100	72160	152910	309930	550350	876900	1240500	1530720	1699820	1644830	1324890	924890	608510	416020	323010	280070	236850	193780	154250	119700	97070	79130	64230	56960	81470	202860	150150	44260	24130	19350	14460	13020	10390	9200	9560	17180	774570	2674550	1072220
447.5	17900	17410	17170	20540	34200	66190	141450	289560	502010	814670	1149670	1418530	1574980	1506130	1226150	857820	560500	394630	313990	264490	226220	187400	148520	120430	93250	77520	62790	55410	59980	151500	189390	70620	25970	19520	15180	12910	11650	9490	8930	11770	147930	1998460	2393130
450	16420	16630	15900	19680	31440	61840	133860	264370	465250	743690	1051010	1317870	1439260	1394630	1138190	798330	521710	365910	290440	252400	217760	180960	142810	112980	91030	75820	63220	54330	51590	99200	197400	112780	32430	20330	15390	12960	11500	9310	8430	9650	16620	813470	2941140
452.5	15710	14680	15140	17530	28470	56610	121300	242430	432190	680410	966780	1197220	1334250	1276020	1047450	736220	493130	340930	276390	238340	205890	172020	136570	108560	89370	73610	62200	53110	48330	64180	170170	161050	49790	20200	15140	13380	11380	9790	8070	8240	10510	157070	2018460
455	14260	14340	14090	17000	27280	54030	110880	222480	394550	632510	893610	1107780	1228710	1183590	961740	682680	454550	319490	259330	223860	194070	161530	131010	104570	85400	71570	58810	51830	44290	47380	121180	184500	79540	23940	15840	13130	11850	9960	8440	7320	8670	16010	735780
457.5	13170	13100	12620	15820	25730	49120	102150	202710	362130	576840	816960	1019380	1119760	1083560	878000	623090	415920	297220	241690	213700	186780	155280	124860	101490	82110	70100	58880	51360	45150	41540	76000	176460	121980	32860	16220	12650	11530	10250	8410	7310	6960	9900	124020
460	12270	11880	12940	15230	23730	45060	95930	185350	331060	526500	738380	939130	1019160	990440	811270	575360	386140	277150	224910	201810	176730	148040	117300	98370	81410	66410	57680	49100	42570	39660	49520	140270	152670	51800	17310	13320	11730	10040	8920	7440	6900	8200	14280
462.5	11160	11050	11650	13970	22390	41910	86680	168850	303060	477160	682880	856990	941660	911410	745330	533750	363290	255730	213900	189160	164680	140730	111930	93830	74050	66350	55970	47920	41200	38230	39010	91220	164790	83050	22350	13670	11970	9860	8370	7330	6160	7440	9710
465	10310	10110	10930	13350	20760	38790	78840	156220	272550	436800	625020	789930	847360	823040	678580	481980	328660	237270	198920	175500	156700	131160	106780	89460	75910	64590	55510	47960	41620	37120	35030	55670	143880	117330	34220	14000	11880	9680	8620	7750	6480	6500	8360
467.5	9950	10300	10220	12350	19020	35780	72230	140840	247320	394470	563220	723440	775900	752920	618380	441120	302860	223920	181500	164440	147250	121270	101460	83880	71190	59440	53290	44420	39820	34560	33770	39260	103370	137990	55200	15600	11370	9610	7640	8140	6480	5880	6950
470	8960	9000	9230	11200	17410	32260	66560	131710	225750	357400	514880	656840	704450	683310	560960	407080	278110	203260	169570	154210	134130	117980	95470	80010	68000	56170	49100	43570	40190	32740	32670	32640	66140	137070	86290	22040	11780	9510	7710	7410	6970	5890	5620
472.5	9690	8290	9020	10810	16010	30650	59130	115600	206070	324940	464290	588660	641930	625710	515400	368960	257350	187310	157840	141770	129420	108530	91310	74550	63840	55520	47590	42170	37650	33510	29770	29870	41140	113830	112890	34990	12270	9440	8310	7350	7420	6330	5740
475	10210	8400	8280	9770	14980	28090	55460	107840	188280	296390	422450	543200	581550	561870	463400	340700	237630	178690	146470	133170	119690	102270	85520	72250	62750	52690	46100	40080	37100	32350	29580	28660	29870	78910	127250	56600	15240	9520	8850	7050	7570	6070	5100
477.5	11380	7990	7360	9520	14500	25770	49430	96730	170300	266030	381060	493370	528740	518250	425500	309350	218070	161290	136550	123530	111960	94520	81720	69030	59220	49940	44780	39420	36200	31750	28420	27300	25900	51180	120630	81760	21790	9580	7660	7040	6360	5970	5520
480	12790	8660	7210	9060	12790	23620	45990	89230	152830	246620	348900	442680	482240	468070	392350	282310	200430	149330	128210	116820	101850	88110	75470	64910	56270	48810	43080	38770	33820	30360	27770	25730	24370	32410	93210	100510	35380	9710	7470	7560	6760	6430	5990
482.5	13150	10250	6890	8890	12340	21310	41160	81160	140930	224560	317520	409350	440880	431970	351900	257970	181120	140360	117360	108890	97140	84060	72410	60720	52490	48370	41800	36370	33540	30910	27370	25170	23170	23980	62400	112340	54120	14100	8090	7060	6770	6040	5920
485	11610	14030	5950	7790	11440	20270	39080	73920	129020	201630	287420	372340	402230	390190	323480	236190	166790	128330	110570	99910	92710	78050	68210	57630	49840	43960	38760	36190	31460	28210	26140	24170	22520	21010	38800	100770	78690	22300	8290	7140	6620	6040	6250
487.5	9060	18410	6750	7620	10560	19420	35160	67720	115300	181030	258300	336600	364110	354890	296110	217700	157420	117930	102800	94540	84660	73120	63720	55540	48850	41390	36660	33800	29810	27810	25860	24100	20990	19180	23920	77410	95510	33300	9600	6670	6180	6170	6400
490	6740	20810	7970	6510	10620	16900	32060	60830	105420	165120	236980	304860	330350	319670	272220	199490	143170	111400	93910	89010	78200	69950	59080	51030	45060	40930	35870	31620	30160	26670	23710	23510	21120	18750	18440	50830	100160	51540	12990	7060	6230	5710	5900
492.5	5030	21450	12490	6050	9290	15440	30180	54790	94810	152770	213410	276670	297210	293020	244590	179760	129740	102310	87650	80560	73840	66280	55280	48860	42410	38070	35670	31400	28870	25980	24210	21080	19820	17920	16040	30450	87870	71490	20060	7610	6280	5820	5620
495	4290	19190	18380	6420	8610	14660	28140	49990	88240	134660	195560	252690	274430	264870	222510	164720	120870	93520	81210	76020	68220	61250	52750	46620	40800	36370	33750	30490	26270	24170	22730	21120	18930	16980	15460	20100	62370	83050	32390	9400	6210	5240	5870
497.5	3380	13150	25400	7220	8040	14180	24980	46540	78970	122320	177230	226320	248180	241580	203760	151250	109760	86320	74300	71510	64580	55290	50480	42740	38650	34500	31720	29140	27270	23940	22140	20120	18450	16570	14530	15080	39810	81820	50360	12930	6040	5630	5820
500	3170	8420	31890	9960	7770	12520	21320	42380	71920	113130	159100	205920	221380	217670	184900	138190	99060	81410	69590	64360	59360	52450	45690	40140	37350	33350	30120	27780	25500	23740	21490	19820	17700	15460	13750	14230	22500	70380	65720	20690	7010	5360	5330
502.5	3160	4990	32500	18660	7020	11260	21170	38560	66080	102150	143450	186380	199870	200570	166070	126080	92650	72630	65300	60480	55550	50000	42960	38630	33670	32230	27180	27470	24050	22220	20210	18730	16830	14610	13470	12370	14590	49330	73120	31960	8270	5620	5340
505	2680	3480	25570	29030	6620	10190	18950	35790	59120	91180	129000	167420	181930	178530	151360	114190	83900	67920	59040	55760	52640	46230	40620	36820	31780	30530	27080	25710	23280	20280	19090	18590	16220	14410	12570	12010	11730	29150	69850	47930	12740	5200	5040
507.5	2290	3100	17350	42070	8340	10270	17190	31350	52570	82800	116050	150660	162520	158320	138850	101450	76690	61930	55430	52580	47160	43900	38920	34060	30510	27680	25910	24910	22230	19610	18220	16790	16220	13820	12000	10580	11400	17120	54750	60160	21190	6270	4920
510	2420	2850	10180	50550	14360	9530	16230	29110	48400	75010	107300	135970	146440	148120	122850	92730	70440	57000	50790	48140	44180	39980	35860	31120	28050	26500	23620	22750	20340	19130	17760	16030	15480	12370	12080	10650	9930	11700	35930	66660	33560	8270	5100
512.5	2160	2820	5530	46770	27800	8260	14670	26310	42800	68160	94330	120300	135090	131720	111940	85930	64740	52240	46970	44790	40370	36880	32940	28610	26860	25600	22890	21860	20690	17210	16460	14990	14080	12440	11100	10440	10500	9500	21840	59500	45410	13190	5260
515	2380	2560	3180	38550	47530	7450	13380	23300	39970	60770	84780	111190	119980	114930	101860	77410	59350	46220	42300	39910	38940	34150	30900	28760	24750	23700	21700	19990	17950	17360	15990	15740	14230	12450	10620	9460	8900	8350	12690	45020	55560	21200	6560
517.5	2880	2270	3080	25000	67350	10420	12090	21760	35670	54010	77780	98480	106010	107050	91080	70920	53310	44790	39120	38020	35600	31710	29240	25640	24030	22560	19930	19730	18000	16600	14960	14300	13550	12010	10580	8750	8470	8090	9330	29100	57460	31840	9120
520	3340	2340	2910	12270	78450	21240	12020	19950	32430	49920	70900	89680	96950	97510	84410	66010	48270	40530	37050	34630	32980	30060	25870	24020	22780	20290	19880	18680	17290	16350	14370	13640	13080	11060	10110	8430	7630	7420	7680	17530	51070	42100	14490
522.5	3460	2570	2630	5770	74990	44450	11030	17760	29100	44490	63300	80900	87210	86530	73630	58120	44780	36820	33980	32690	30490	28340	25410	22400	20900	19330	18430	17400	16330	15350	14020	13240	11700	10300	9400	8360	7540	7320	7020	11040	37570	49080	22390
525	3810	2680	2760	3550	58350	75770	9510	16380	27320	41000	57070	71680	79670	79280	67290	53540	40110	34130	30780	29600	27580	25800	23570	21930	19540	17890	17010	16230	15010	14190	13120	12370	11850	10230	8930	7940	7710	6640	7220	7550	24210	47760	33220
527.5	3240	3750	2110	3240	37270	110380	13450	15500	23730	36320	51660	64250	72280	70590	62450	48850	37130	31370	28490	27910	25990	24670	21860	20050	18460	17400	16360	15410	14690	13200	11910	11710	11060	9410	9000	7630	6600	6370	6030	6240	13620	43550	42630
530	2960	4740	2230	3020	18260	126280	27900	14280	21080	33490	48070	59950	65970	64340	54940	42780	34320	29880	26280	25240	23740	22720	20130	19570	17870	16100	15250	14670	13000	12780	11710	11360	11250	8910	8160	7600	6920	5910	5710	5900	9220	31470	48500
532.5	2020	5400	2590	2630	7560	121910	56650	12820	20260	30770	42810	54540	59860	59240	51280	41480	30970	26910	24660	24350	23730	21080	19030	17850	15910	15390	14060	13520	13960	12070	10910	10690	10110	9120	8580	6970	6780	6090	5400	5340	6290	20860	46580
535	1620	5880	3400	2780	4170	100070	93340	11840	19010	27420	39030	50100	54940	53360	48450	37020	29070	24680	22300	22390	21740	19190	17620	16760	15790	13580	13560	13630	12030	11770	10810	10540	9560	8490	7860	6960	6340	6040	5420	5180	5620	12700	39480
537.5	1370	5420	4280	2630	4260	66040	139290	15180	16640	24830	35140	44340	48390	48680	42680	34890	27430	23450	22310	20750	19610	17350	16910	15690	14570	14270	12900	12830	11600	10640	9790	9040	9130	7740	7170	6720	5760	4990	4580	5150	4980	7430	28110
540	1360	5700	5590	2710	3900	33570	169450	32300	16050	22820	32740	41540	44270	45090	38940	29370	24510	22240	19910	18480	19360	17250	16380	14650	13830	13120	12320	11870	10970	10230	9760	8960	9210	7260	6750	6240	5830	5120	4830	4520	4640	5410	17730
542.5	950	4280	7660	3030	3940	13330	171160	68810	14230	21260	29240	37580	41490	40200	35900	28400	22070	20110	17250	17560	17690	15850	14700	13940	12340	12530	11410	10940	10150	9740	9030	9010	8260	7220	6900	6080	5060	4920	4630	4520	4720	4750	10370
545	1080	3300	8890	3460	3660	6670	138730	120350	14730	19520	26530	33960	37490	36750	31190	26220	20890	17580	15960	16780	15630	15130	13770	12580	12240	11380	11080	10490	10080	9200	8570	8260	7660	6880	6360	5830	5010	5130	4440	4040	4020	4310	6120
547.5	1000	2690	10200	5100	4380	6180	93320	179380	17760	17990	25460	31030	33290	34490	29190	22800	19510	15900	15770	15460	14630	13140	12340	11340	11300	10160	10260	9700	9290	8040	8390	8070	6890	6610	6080	5300	4610	4320	4120	4140	3910	4240	5190
550	780	1810	9300	6920	4120	5800	48180	220400	40230	16140	22510	28000	30760	30950	26640	21460	17160	15210	14310	14150	14040	13450	12430	10980	11460	9540	9200	9720	8300	8180	7360	7530	7160	6020	5970	5040	4750	4230	4040	3980	3800	3900	4590
