Wavelength	240	245	250	255	260	265	270	275	280	285	290	295	300	305	310	315	320	325	330	335	340	345	350	355	360	365	370	375	380	385	390	395	400	405	410	415	420	425	430	435	440	445	450
nm	CPS	CPS	CPS	CPS	CPS	CPS	CPS	CPS	CPS	CPS	CPS	CPS	CPS	CPS	CPS	CPS	CPS	CPS	CPS	CPS	CPS	CPS	CPS	CPS	CPS	CPS	CPS	CPS	CPS	CPS	CPS	CPS	CPS	CPS	CPS	CPS	CPS	CPS	CPS	CPS	CPS	CPS	CPS
250	470	2000	16690	16330	1830	450	460	450	600	500	590	550	680	750	580	660	510	630	530	740	750	680	670	760	690	530	650	560	500	580	630	600	520	440	590	600	680	580	440	470	420	410	390
252.5	690	690	11130	29390	9400	490	480	480	680	490	580	650	530	770	640	530	630	700	580	760	670	670	650	660	580	570	700	490	530	480	500	530	480	520	480	510	600	520	480	470	500	450	540
255	1090	590	3990	28850	27890	2140	590	510	570	460	700	580	570	560	610	500	620	460	550	590	570	580	560	540	580	570	520	520	540	660	670	550	560	680	540	530	590	560	450	430	400	630	520
257.5	2120	1070	1140	19250	48840	13520	560	650	760	520	520	550	570	600	880	630	570	630	540	640	690	620	600	530	690	680	510	530	630	480	520	620	590	490	540	510	520	460	520	520	470	470	460
260	2840	1880	720	7120	50850	43500	2770	620	650	690	660	690	690	630	710	740	820	720	490	620	560	690	700	680	630	580	520	550	760	520	490	660	660	620	540	580	540	490	400	510	480	570	550
262.5	3060	3470	820	1710	33670	81690	19230	680	630	610	600	690	730	670	640	780	680	580	750	620	600	740	570	670	750	570	570	560	730	610	580	740	630	460	330	450	400	560	480	580	500	410	570
265	2010	6320	2310	870	13340	88960	65910	3440	800	710	680	550	650	720	640	820	720	740	620	570	600	620	580	570	930	610	600	650	580	610	570	460	510	530	540	580	470	570	470	480	640	580	600
267.5	1330	6910	5490	1110	3000	57620	122080	26040	890	660	570	670	620	820	620	720	550	720	530	590	590	690	550	720	580	520	670	680	550	620	550	460	450	550	370	490	430	540	530	470	450	410	520
270	610	5710	9690	2350	1290	22960	142860	94110	4880	770	650	770	790	680	760	730	700	680	690	630	620	500	740	540	600	590	530	660	530	650	660	440	580	490	560	480	620	540	560	440	490	460	480
272.5	410	2580	12730	7210	1360	5160	97930	187410	37710	1000	780	780	860	880	680	680	740	480	580	680	570	560	800	820	630	520	540	500	520	630	460	640	590	490	610	510	520	580	460	410	460	590	460
275	310	1260	10790	14660	2340	1920	39230	220560	139750	6520	740	730	700	830	850	840	800	720	580	520	560	650	660	650	550	640	610	650	480	450	540	590	550	430	650	640	490	500	480	580	510	530	380
277.5	400	440	6780	21420	7920	1470	7700	158910	278630	55980	1230	850	930	880	800	750	870	840	710	650	750	550	600	540	550	580	580	590	630	590	510	520	620	510	500	500	580	410	540	500	450	490	730
280	460	590	2210	21030	20000	2580	2720	61080	321800	209060	9210	740	750	800	760	730	670	780	760	630	740	550	580	660	560	680	720	410	560	580	480	500	560	690	490	500	600	560	410	490	650	520	540
282.5	480	530	940	14410	31860	8040	1880	12060	212740	399490	83370	1590	1120	930	1040	900	770	750	670	790	590	800	540	650	730	730	580	640	550	530	660	560	720	630	590	660	650	450	600	610	480	580	430
285	490	450	530	6110	36120	23130	2420	3390	78410	436220	308920	15620	1230	970	770	810	830	750	780	730	680	760	590	600	640	540	550	600	610	600	620	510	450	420	620	690	430	450	490	510	460	670	600
287.5	460	520	570	1800	27580	43300	7540	3310	14370	274490	585720	121990	1900	1000	1020	880	760	800	840	740	790	690	650	460	530	490	830	520	640	730	530	520	640	470	640	610	470	590	540	500	530	660	440
290	470	560	570	860	13270	54950	23140	3080	4080	90360	629740	406440	23970	1420	920	850	860	1050	850	620	810	630	580	620	590	680	690	740	740	500	570	580	690	470	460	510	490	530	550	550	530	560	530
292.5	480	580	560	730	4830	47890	50510	6370	3750	16600	375750	713860	166510	2050	1030	920	840	850	840	600	700	640	720	540	580	630	560	830	630	600	520	590	390	560	540	640	640	520	590	550	630	500	460
295	440	530	520	810	1580	28620	73770	19690	3620	5640	120580	717350	528240	31760	1370	1090	1010	950	870	710	790	740	750	700	620	830	500	650	570	720	560	400	670	590	460	530	470	590	560	690	460	520	520
297.5	390	630	500	700	830	11300	73270	50150	5310	4870	21260	433830	874710	208790	2660	1140	1010	960	1040	740	810	740	590	630	620	570	790	670	510	600	600	680	580	560	490	550	560	620	610	690	560	630	410
300	560	550	640	580	810	3630	51780	87490	16220	4690	6600	140580	872710	632550	36090	1450	1250	1110	810	930	800	650	720	570	670	630	620	700	540	600	520	490	510	590	530	630	550	660	660	720	480	450	500
302.5	550	650	620	880	760	1770	24920	101570	46080	5330	5540	24330	516430	1037450	238450	2530	1390	1360	900	910	870	860	800	720	770	650	780	690	580	570	670	520	670	540	680	560	690	560	480	610	550	520	500
305	450	550	750	570	730	970	8380	86420	93270	12590	5330	7580	166270	1034030	720350	38290	1590	1160	1120	930	870	680	650	750	690	620	770	590	720	730	510	490	630	410	700	440	610	580	460	610	370	490	430
307.5	500	570	640	770	770	780	2960	51420	124360	38670	5310	6540	28520	612350	1189370	261260	2890	1240	1180	1080	970	900	800	790	600	710	780	670	910	700	580	490	730	590	600	620	600	590	500	580	500	590	500
310	500	610	630	730	710	840	1560	21090	119480	85420	8890	6090	9150	207340	1183200	786710	34040	1540	1300	1050	1000	940	880	900	680	680	790	620	710	650	500	650	610	530	480	460	620	650	640	620	520	620	510
312.5	670	760	590	730	960	750	1050	6820	84320	134540	25770	5240	7550	38640	732720	1331580	252800	2790	1570	1050	880	900	1040	810	840	720	670	830	630	520	510	560	550	670	550	500	520	650	500	660	320	570	580
315	630	640	660	710	730	960	1090	2700	40530	154450	68100	6770	6520	10060	252890	1385150	818440	29660	1430	1190	1010	830	970	970	870	810	740	590	720	550	490	550	600	550	570	550	600	530	600	610	570	740	450
317.5	620	490	570	650	930	760	1220	1670	14500	121600	132640	16930	6310	7850	45530	870550	1472030	246150	2530	1360	1060	880	850	1030	660	940	770	570	720	660	640	630	580	490	550	600	490	530	650	590	520	530	570
320	550	610	560	660	940	960	1210	1360	4830	70740	176000	53390	6170	7210	11560	303350	1590230	844720	22640	1600	1230	960	1080	850	900	910	820	720	750	640	610	520	720	760	610	590	440	660	610	430	600	460	640
322.5	550	630	510	710	690	1100	1180	1350	2400	29020	165150	117490	11510	6570	8880	57330	1020790	1513730	212520	2560	1430	1200	850	880	1160	790	850	750	590	610	740	660	570	630	690	750	650	620	620	650	550	610	640
325	590	460	520	660	810	870	1000	1530	2160	9730	113860	179210	35830	5950	8570	12630	369720	1656270	779620	21290	1530	1250	1050	920	960	840	740	830	560	600	750	560	750	510	760	500	590	570	570	540	610	610	630
327.5	470	800	580	740	830	950	1180	1440	1920	4140	54790	199280	93130	8770	7070	9800	69570	1099570	1528560	218980	3000	1290	1040	910	800	970	770	770	720	680	790	840	540	670	650	560	580	610	600	570	610	460	440
330	520	560	600	730	800	920	1280	1530	1870	2480	19750	161170	172830	22670	6510	8480	13470	410830	1765450	829300	24110	1700	1410	1070	950	830	860	870	670	810	680	730	590	720	430	640	690	830	620	520	780	450	650
332.5	430	630	550	680	790	990	1220	1440	1600	2290	7150	90760	219770	66950	6810	8420	9990	80500	1235310	1611330	242250	2750	1500	1270	1090	1130	890	930	840	760	610	620	770	720	680	550	560	690	500	430	590	590	740
335	460	450	660	840	770	820	1300	1610	1760	2280	4260	36510	204810	146910	14740	7040	9010	13830	474550	1871740	904180	27010	1890	1060	1210	820	990	1070	800	780	780	620	580	630	700	650	620	520	680	650	630	420	550
337.5	450	580	590	630	690	900	1210	1720	1890	2250	3120	11690	134620	222950	47820	5740	8460	10530	92390	1259480	1727320	270970	3010	1460	1120	1070	870	860	890	760	620	590	640	550	570	540	650	660	640	660	620	580	670
340	630	510	740	750	640	890	1300	1680	1940	1940	3010	4740	60810	241720	117890	10010	7820	9960	15610	449110	1901970	1015820	35530	1780	1210	1010	930	1040	990	850	580	630	630	680	760	550	580	590	580	630	630	730	690
342.5	490	400	750	700	510	1070	1220	1310	2310	2140	2450	3340	19420	181180	214230	30220	6550	8850	11610	83270	1227690	1842570	315530	3310	1360	1070	820	790	740	840	770	710	800	570	630	720	510	560	710	560	520	540	600
345	580	530	480	710	600	1070	960	1410	1620	1760	2380	2970	6920	98150	263540	90660	7760	7820	10410	15500	422020	1937460	1103690	43210	1920	1390	1000	860	950	1040	870	850	590	630	540	650	690	620	610	430	500	500	740
347.5	660	580	650	700	790	850	1040	1350	2150	2220	2470	2580	4020	36630	230910	183970	19310	7170	8730	11570	72350	1200280	1943710	363990	3730	1550	960	1090	870	760	770	840	670	740	630	540	590	620	460	620	570	670	640
350	450	660	640	610	910	800	1040	1160	1710	2270	2470	2450	2830	12570	147250	267040	61670	6940	8170	9690	16640	402120	1990690	1189540	47630	1940	1260	1070	1030	1050	880	710	790	660	680	800	730	790	660	560	480	630	520
352.5	510	500	590	680	650	840	960	1310	1730	2350	2630	2480	2400	5330	65910	274580	142240	11680	7550	9450	11160	69590	1195820	2030610	374230	3740	1560	1260	1020	1020	940	980	530	810	640	760	580	620	500	500	610	530	520
355	650	730	660	570	700	930	950	1550	1740	2290	2280	2370	2440	3280	22660	204140	243320	35860	6370	8710	9960	15440	396280	2016030	1214960	50970	2000	1200	1060	800	970	710	1020	700	670	730	710	760	680	530	610	690	610
357.5	500	590	650	650	710	820	1070	1450	1720	2050	2750	2140	2170	2980	8040	111410	292970	101330	7650	7500	9640	12100	68330	1203400	2066810	400510	4140	1440	1310	900	1050	950	870	850	690	630	540	650	690	620	610	670	510
360	630	500	720	930	800	730	970	1160	1700	2020	2400	2230	1890	2210	4220	45250	263910	199970	18290	6470	8890	10710	16780	403070	2080410	1252150	47190	1810	1220	940	780	750	880	860	810	740	580	580	720	680	490	550	510
362.5	660	650	540	630	740	740	1050	1360	1640	1750	2350	2200	1980	2090	2830	15440	173080	285570	54790	6690	8500	9590	11530	70690	1261350	2077100	361810	3760	1580	990	920	1060	840	830	790	600	710	550	600	530	580	640	630
365	530	450	580	750	670	820	970	1510	1420	1900	2070	2100	1810	2100	2370	6660	84890	308400	130060	10510	6990	9180	10390	17630	436840	2100370	1193320	43770	2130	990	1210	1060	830	800	860	640	720	590	580	650	500	590	580
367.5	480	550	490	680	770	730	1040	860	1290	1870	2420	2070	1810	1870	2010	4050	32370	245180	231350	30750	6670	8460	9820	11590	83150	1315130	2052780	336590	3420	1420	1230	940	820	860	1000	650	800	700	460	590	630	700	540
370	510	450	660	530	800	770	880	1200	1330	1690	1640	2500	2060	1870	2040	2940	11800	143730	301340	83670	7600	7440	9680	10580	18210	474580	2173360	1110110	32100	1800	1130	1140	850	870	810	680	680	580	620	480	810	650	570
372.5	390	540	680	630	660	790	1080	1040	1250	1400	1790	2180	2250	1890	1950	2620	5440	65440	297830	174720	17080	6480	8950	10040	12550	89010	1404040	1988370	295270	3020	1570	1060	890	1020	870	960	830	830	570	620	600	720	570
375	410	520	630	600	850	820	1140	1000	1480	1720	1940	1990	1930	1660	1820	2150	3420	22270	213450	270060	51520	6470	7260	9990	10420	18700	500210	2171880	1064640	25410	1730	1250	1060	860	770	670	820	790	640	570	500	640	680
377.5	640	540	780	650	660	800	920	970	1280	1530	1820	2050	2500	2200	2160	1790	2860	9460	118880	315380	123270	9950	6420	8720	9860	12820	103090	1435460	1958310	245570	3060	1590	1010	1030	830	770	760	740	620	690	390	500	680
380	690	530	700	620	720	830	1000	1100	1360	1700	1650	1770	2040	1950	1670	1860	2230	5020	49130	270100	221230	26810	5960	7630	9790	10290	20280	538600	2177510	946390	19210	1820	1150	1060	920	830	960	840	690	770	660	600	700
382.5	540	600	620	530	530	660	910	1050	1450	1480	1760	1890	1860	2490	1690	1580	2080	3180	16950	175160	295270	77210	6810	7150	8980	8780	12390	107590	1480700	1873090	213250	2950	1450	920	1080	790	840	640	780	730	690	630	690
385	470	460	640	560	670	630	1140	1110	1170	1410	1870	1770	1800	1890	1610	1750	1890	2450	7430	84300	299660	161630	16080	6490	8240	9500	10510	19780	569070	2196200	909170	20190	1950	990	980	900	750	710	780	690	730	770	640
387.5	450	720	610	610	620	840	1030	1150	1400	1230	1860	1910	1760	2300	2000	1790	1960	2120	4600	31960	227540	255840	44890	5500	6730	9140	9420	13350	116070	1564020	1867450	224490	3150	1460	1020	980	830	820	770	650	680	730	540
390	470	600	710	540	610	810	760	1110	1280	1340	1920	2120	1840	2150	1990	1670	1700	2080	3040	12290	126990	301900	112590	8610	5980	7810	9350	9880	19650	623830	2242850	970720	22550	1760	1190	1020	920	700	890	870	610	570	570
392.5	530	540	540	730	550	820	810	1070	1300	1270	1540	1690	1800	1980	2380	1790	1770	2070	2320	5430	52880	264000	206590	25580	5460	7160	8690	8800	13150	123970	1606110	1987290	272800	3170	1470	1010	990	830	840	780	880	770	2760
395	420	460	480	730	540	730	890	1180	1280	1500	1700	1970	1840	1760	2340	1880	1450	1710	1860	3470	18870	172910	285880	74600	6230	5930	7880	8930	9960	19420	622260	2329300	1077100	27390	2290	1180	960	950	670	1030	690	620	630
397.5	410	520	470	630	720	780	1010	1010	1210	1470	1600	1860	1730	1750	2120	1880	1780	1590	1910	2970	7580	83580	284780	153270	14510	5290	7000	8260	8520	13410	117300	1575070	2072180	298340	3410	1470	1130	970	860	1010	820	640	710
400	680	600	630	480	650	700	760	1210	1340	1280	1620	1630	1850	1890	1870	1910	1840	1660	1870	2060	4470	29900	212080	240050	40860	5250	5750	7580	7880	8960	20060	572580	2247210	1099410	33360	2080	1290	1100	1030	760	890	810	640
402.5	550	530	620	530	790	870	810	1000	1080	1520	1670	1860	2000	1970	1980	1950	1970	1630	1880	1940	3110	11470	116640	279710	103250	8960	5370	7010	8230	7630	12550	103840	1422610	2032800	334550	3560	1620	1090	1060	860	760	770	670
405	520	580	460	750	670	680	850	1080	1320	1220	1450	1530	2000	1690	1670	1930	1600	1710	1610	1710	2230	6360	50260	242690	186200	24750	4250	5550	7740	7040	9220	18170	493020	2167460	1192410	37790	2110	1230	950	1020	730	770	800
407.5	460	440	630	570	640	710	950	990	1050	1210	1530	1730	1740	1700	1730	1800	2290	1590	1630	1550	2010	3990	18880	158710	250510	64730	5630	5230	6800	7730	7850	11820	88410	1367390	2094710	348890	3620	1190	1060	960	750	840	780
410	500	410	660	660	590	690	820	850	1250	1280	1410	1550	1990	1850	1900	1590	2260	1780	1450	1780	1560	2800	7640	78010	254030	134680	12320	4680	5570	7190	7400	9120	15960	463440	2186030	1192340	41670	2020	1390	850	930	710	960
412.5	530	520	670	560	550	580	710	910	1130	1390	1380	1640	1760	1550	1840	1640	2050	1740	1630	1470	1610	2120	5140	30450	200110	209360	34890	4240	4610	6310	6940	7270	11630	85680	1378010	2086910	356810	3590	1480	990	960	830	780
415	540	530	540	490	660	640	820	890	1310	1340	1570	1630	1810	1840	1800	1690	1880	1960	1340	1480	1810	1820	3210	12110	122180	247820	85400	6750	4860	5740	6750	6920	7890	15990	477510	2198360	1226680	38140	1700	1140	1060	680	950
417.5	550	490	500	620	710	710	780	970	940	1430	1390	1480	1920	1660	1730	1760	1860	1820	1610	1710	1320	1520	2090	6750	55740	228490	149950	17600	4360	4970	6700	6910	6870	10630	86370	1435990	2146770	337140	3570	1570	1030	710	890
420	470	450	600	550	690	710	760	970	1320	1250	1450	1610	1610	1930	1680	1500	1770	1720	1900	1310	1410	1840	2130	4000	22450	162700	213200	48430	4530	4520	6110	7070	6410	8090	15130	539340	2296380	1158690	36160	1950	1110	830	660
422.5	490	470	380	630	640	690	950	930	1190	1320	1550	1510	1560	1380	1510	1620	1710	1470	1620	1360	1190	1660	1760	3080	9350	90710	230570	98020	9100	3740	5420	6690	6330	7160	10500	108390	1493340	2052720	302150	3170	1360	870	1000
425	460	490	600	610	660	730	840	830	1080	1230	1600	1760	1620	1620	1710	1610	1550	1500	1910	1440	1440	1620	1780	2160	5880	39450	198300	159180	22490	3800	4890	5810	6230	5720	8150	16460	555390	2229540	1046470	24450	1780	1280	940
427.5	540	490	580	580	590	770	750	980	860	1090	1500	1610	1420	1720	1500	1430	1540	1620	1770	1520	1530	1480	1580	1730	3960	16400	135800	208010	55430	4510	4190	5040	6550	5810	6450	10360	97700	1461530	1972010	250030	2750	1290	990
430	520	560	520	580	530	720	890	790	870	1140	1350	1530	1630	1410	1580	1750	1630	1440	1720	1830	1280	1490	1420	1840	2860	7340	70390	208450	107860	10540	3690	5020	5560	6180	5940	7450	14760	536260	2199770	970600	17360	1720	1020
432.5	410	580	600	490	770	750	780	940	940	1000	1370	1300	1470	1670	1660	1620	1730	1570	1820	1690	1660	1320	1630	1850	2160	4930	31170	170530	163750	27090	3820	4460	4580	6360	5070	6120	9880	97260	1479680	1916220	214270	2600	1110
435	510	510	540	500	670	650	590	840	890	1160	1390	1680	1860	1580	1710	1440	1490	1430	1720	1600	1760	1280	1400	1730	1970	3710	12520	107480	195370	62030	5600	3730	4540	5570	5650	5340	8030	14290	553050	2236720	906370	14000	1950
437.5	450	530	580	710	630	540	810	950	1050	1250	1370	1270	1470	1750	1640	1680	1680	1700	1360	1810	1330	1280	1450	1560	1910	2610	6830	52450	186050	109690	14130	3470	4200	5010	6280	4950	6150	8850	95430	1563200	1876270	183120	2890
440	660	500	640	570	610	740	670	870	950	1240	1230	1560	1530	1410	1490	1460	1670	1430	1390	1570	1590	1450	1590	1510	1690	2200	4360	21540	140550	159910	33250	4420	4030	4440	5220	5520	5170	7920	13520	602330	2251720	822480	13210
442.5	420	600	580	600	640	670	810	700	1000	1270	1200	1240	1450	1490	1450	1510	1640	1420	1350	1410	1560	1270	1620	1460	1750	1920	3130	9780	81050	182380	70410	7700	3420	3940	5050	5070	4880	5500	9500	108910	1595580	1773400	183950
445	440	490	460	660	520	760	750	1060	830	1100	1400	1270	1460	1350	1380	1450	1560	1180	1470	1410	1630	1660	1240	1430	1760	1540	2710	5460	36640	161610	114570	18730	3680	3890	3990	4850	4990	4630	7850	13330	623030	2196630	922170
447.5	460	490	660	570	670	510	750	780	840	1010	1100	1360	1390	1370	1320	1330	1570	1200	1500	1420	1480	1610	1410	1540	1450	1760	2210	3890	15620	113840	155910	45360	4590	3280	4110	4850	4970	4640	6000	8690	116720	1623540	2027940
450	380	570	590	550	630	770	830	860	1080	1050	1210	1460	1330	1480	1560	1520	1560	1650	1290	1520	1460	1380	1210	1700	1810	1700	2000	2910	7670	61140	169410	86800	11750	3090	3900	3900	4780	4580	4610	6470	13230	649000	2463290
452.5	440	590	550	480	670	800	860	860	1020	1240	1350	1320	1250	1530	1410	1360	1650	1490	1410	1290	1500	1560	1490	1370	1470	1570	1750	2260	4940	26380	137230	129470	29450	4110	3270	3730	4560	4830	4170	5840	8100	123420	1632060
455	490	470	560	550	570	680	610	940	980	970	1190	1080	1360	1170	1190	1580	1590	1300	1410	1340	1400	1530	1450	1480	1270	1530	1450	1940	3490	10610	88000	157330	60220	6310	2720	3840	4110	4360	3600	4600	6290	12920	565450
457.5	480	600	650	570	550	670	670	920	1070	980	1170	1280	1330	1460	1250	1370	1700	1310	1380	1320	1350	1480	1720	1550	1390	1310	1510	2000	2890	6320	44280	148610	98680	15120	2940	3170	3750	3930	3760	3830	4940	7820	88430
460	500	540	530	680	530	640	830	830	880	1200	1350	1090	1270	1500	1560	1440	1490	1350	1430	1340	1110	1400	1710	1400	1160	1440	1790	1610	2280	4330	19510	111750	131160	35000	3820	2990	3550	3740	4330	3700	3760	5600	12510
462.5	580	620	620	460	580	620	760	960	980	1050	1300	1190	1400	1200	1290	1200	1580	1340	1400	1400	1290	1110	1390	1420	1340	1590	1400	1540	1820	3000	8720	66050	139230	65630	8800	2810	3250	3450	4080	3680	3870	5020	8010
465	600	460	370	600	730	660	640	810	1000	1150	1050	1320	1070	1490	1400	1210	1260	1200	1190	1200	1250	1260	1280	1520	1270	1630	1280	1860	1640	2440	5030	31270	118730	97340	20370	3050	3150	3320	3830	4260	3470	4140	6260
467.5	1060	580	390	640	540	570	630	910	950	1200	1120	1180	1210	1140	1190	1240	1400	1290	1200	1410	1120	1090	1390	1540	1260	1100	1310	1540	1620	2350	3940	13310	80680	120820	42370	5410	2440	3170	3030	3890	3210	3360	4940
470	2380	600	420	600	640	640	690	860	820	1040	1060	1190	1320	1160	1160	1430	1400	1270	1270	1230	1290	1170	1200	1440	1600	1220	1210	1240	1820	1740	3160	6730	44470	120940	71140	10910	2610	2650	3180	3560	3490	3140	4420
472.5	5540	540	490	470	550	760	630	900	870	1080	1070	1110	1300	1090	1090	1300	1320	1270	1120	1310	1240	1230	1250	1310	1350	1420	1290	1200	1250	1910	2200	5310	20680	96720	100750	23550	3650	2440	2650	3100	3770	3040	3650
475	10990	600	600	550	580	750	660	1020	910	980	860	1170	1390	1090	1350	1190	1190	1300	1180	1070	1210	1190	1210	1490	1550	1260	1270	1350	1430	1630	1970	3770	9630	60840	112470	45190	5460	2260	2760	2850	3250	3270	3540
477.5	17060	1410	420	600	610	620	730	880	1070	1020	970	1240	1170	1230	1010	1280	1240	1190	1030	1090	1390	1040	1210	1040	1490	1570	1320	1290	1330	1380	1770	2840	5290	33890	105580	68760	12310	2430	2550	2660	3310	3290	3060
480	20020	4790	540	620	570	630	730	550	610	960	1060	1110	1030	1030	1070	1250	1330	980	1260	1170	970	1100	1210	1110	1600	1180	1220	1210	1430	1720	1890	2720	4180	15240	82420	92190	26860	3680	2150	2840	2950	2970	2990
482.5	20210	10130	570	520	520	650	850	660	730	1010	1090	990	1090	1100	1190	1340	1140	1070	1060	1220	1310	970	1060	1080	1260	1270	1300	1310	1430	1470	1380	1890	3300	7210	51300	99540	45910	6460	2190	2320	2760	2820	3490
485	17000	18300	600	520	580	590	810	610	700	1030	910	910	1130	1270	1300	1160	1350	1170	1160	1360	1210	1090	1190	1170	1440	1440	1200	1210	1280	1360	1240	1810	2610	4750	26230	88420	70500	12940	2500	1880	2440	2500	3380
487.5	11650	28260	1870	500	540	650	680	610	790	1010	970	1040	1230	940	1220	1190	1200	1070	1170	1140	1150	940	1090	1100	1210	1120	1280	1360	1240	1120	1550	1600	2080	3790	11610	66630	85320	25730	3520	1770	2520	2040	3170
490	5840	33080	6960	570	590	590	710	810	770	1000	990	1070	1180	1130	1290	1230	1420	1090	1220	1070	1080	1040	1310	1050	1310	1330	1270	1100	1330	1260	1390	1540	1870	2760	5810	39300	89650	45350	6810	2080	2100	2510	2530
492.5	2180	34130	15380	690	600	700	520	800	750	850	920	1180	1060	1030	1120	980	1100	1160	1060	940	1120	950	1050	1100	1090	1300	1130	1150	1350	1310	1460	1460	1680	2540	4480	19390	76940	63020	14880	2590	1900	2340	2630
495	1040	27560	28420	960	610	590	580	730	780	840	1010	1020	1090	1170	1060	1290	1270	990	1390	1040	1060	900	1170	1020	1000	1400	1260	1340	1160	1350	1360	1420	1480	1880	3280	9010	53710	74500	27600	3800	1850	2040	2710
497.5	640	18170	42650	2730	620	580	770	730	720	890	1270	1010	1150	1050	970	1320	1150	1210	1070	1220	1090	1280	1060	1040	1040	1170	1300	1140	1170	1110	1380	1520	1640	2110	3000	5180	30800	75310	42760	7260	2000	1930	2380
500	630	8820	52900	8660	610	580	830	670	740	890	900	890	1080	990	1110	1210	1160	1090	1090	1100	1100	1070	1110	1150	1000	1090	1250	1290	1140	1160	1260	1560	1440	1420	2250	3340	14790	62700	58810	15220	2720	1390	2000
502.5	540	3310	50470	22940	760	570	590	600	510	770	840	930	880	940	980	900	1120	1100	1030	1120	1060	1030	1040	1030	790	1230	1070	990	1290	1150	1260	1430	1440	1440	1720	2740	6940	41110	67550	27990	4320	1540	1950
505	500	1150	39680	41020	800	640	670	650	890	860	940	790	910	960	1160	1090	1100	1120	990	1010	1130	1220	1030	1210	990	1090	1170	1280	1340	1300	1400	1450	1310	1290	1440	2540	4420	22510	62390	43680	8480	1660	1640
507.5	640	860	24900	60860	3510	800	530	840	940	880	980	840	930	790	970	910	1100	1030	960	1220	990	990	970	1040	1000	1140	1190	1020	1270	1040	1310	1190	1460	1630	1640	2060	3180	10250	51670	54440	16750	2480	1850
510	840	950	11690	73200	14000	690	660	600	620	950	870	830	970	920	1130	1050	1110	1120	1150	1070	1000	840	900	1050	1000	800	1040	1070	1220	1080	1170	980	1060	1320	1340	1730	2710	5190	30850	59600	27980	4850	1610
512.5	1510	610	3550	67560	34370	800	800	740	810	890	910	900	940	900	1060	1200	980	1050	1070	960	990	910	1050	1100	1180	970	980	930	1040	1070	880	1340	1350	1300	1350	1620	2080	3310	15910	53520	41010	9490	1910
515	1880	760	1280	51670	61690	1180	710	720	730	970	1010	940	1050	1010	990	870	930	1030	1020	900	930	960	990	1120	1110	1140	1090	1060	1240	1130	1070	1280	1060	1260	1310	1390	1830	2960	7370	39440	50950	17020	2920
517.5	3160	640	900	31190	85880	5560	700	780	780	1010	730	810	1030	870	1130	1030	1050	840	1100	930	1160	890	930	830	900	960	1270	1020	860	1130	1160	1020	1170	1210	1560	1360	1440	2300	4040	23980	51000	28410	5660
520	4000	1040	860	14070	99320	20100	600	630	570	1000	910	880	780	730	880	1080	1010	940	1010	980	920	820	940	870	990	940	940	1170	980	830	950	1130	1120	1230	1190	1270	1540	2000	2850	12120	46040	38840	11440
522.5	5010	1680	900	4360	92510	46810	760	600	860	930	790	930	840	1120	1000	950	990	940	920	1070	790	760	1140	940	730	1090	930	910	990	1120	1220	1080	1180	1010	1110	1330	1410	1660	2520	6130	33630	44930	19530
525	5050	2670	850	1620	69400	80120	1330	770	850	890	1040	940	940	840	1020	770	1120	1030	1000	990	1000	1030	840	1000	1070	850	890	940	1040	1130	1100	1050	1030	850	1130	1160	1280	1290	1850	3460	19820	44970	29650
527.5	4450	4470	960	1400	41650	115190	5960	740	680	910	1040	930	980	940	850	990	860	1030	850	1050	1050	940	870	950	960	850	1040	850	880	1040	1020	960	1070	950	890	1220	1120	1100	1620	2630	10780	39350	39270
530	3930	6080	960	1230	20080	132730	24310	830	780	890	1030	850	880	920	920	930	1150	890	970	830	1040	1060	830	890	910	960	900	770	840	880	910	1000	1040	950	950	980	1090	910	1480	2170	5210	28910	45200
532.5	2810	7800	1710	960	5950	126940	57130	780	1020	890	890	1070	760	1020	820	870	1030	1000	690	920	1170	940	940	930	900	780	1030	940	900	1030	1060	950	1040	1100	1120	1050	920	1160	1180	1730	2930	17290	43810
535	1700	8520	2990	970	2220	99650	98610	1490	790	1010	830	1070	950	790	850	910	860	1040	980	920	890	790	840	710	880	930	1060	990	840	900	920	900	1060	1050	1040	1000	1190	1100	1100	1450	2210	9340	34560
537.5	980	8110	5390	840	1440	61920	148090	5500	920	930	840	910	740	810	880	860	860	960	940	810	760	910	900	980	740	960	870	820	980	1000	890	950	1000	900	890	970	1020	710	1130	1390	2020	4380	25640
540	630	7190	7740	930	1270	30500	172290	23940	730	1060	850	830	980	810	800	980	940	910	810	1110	780	670	1040	820	1000	970	860	1060	960	870	1020	930	900	830	810	810	1060	740	980	1030	1540	2700	14700
542.5	630	5770	10690	1230	1160	9920	170980	62530	1020	990	970	910	900	820	720	840	740	920	960	960	840	930	860	840	890	920	710	1070	670	870	960	930	910	810	870	820	900	910	860	1060	1210	2190	7890
545	420	4100	13390	2680	1460	3390	134660	117930	1330	910	920	850	900	690	1010	850	890	890	830	950	810	920	890	830	850	770	810	940	790	700	750	900	940	890	830	870	770	1160	810	1060	1150	1670	3830
547.5	510	2090	13730	4500	1300	2070	87750	178880	6720	980	820	790	880	820	880	980	780	640	990	720	860	740	800	830	890	790	750	860	1000	910	780	880	1130	790	840	830	920	890	890	1130	910	1550	2500
550	440	1210	13000	7760	1210	1810	43570	221180	28640	1010	830	750	890	940	740	810	950	770	760	810	840	700	890	910	1040	690	850	700	770	530	740	960	920	860	860	820	830	760	990	880	930	1230	1930
