Wavelength	S1
nm	CPS
365	10170
366	9650
367	9900
368	9900
369	9490
370	9560
371	8900
372	8800
373	8490
374	8060
375	8070
376	7200
377	6870
378	6430
379	5730
380	6070
381	5990
382	6640
383	7290
384	10640
385	16090
386	24900
387	37480
388	59060
389	81240
390	116590
391	155480
392	190630
393	229820
394	262560
395	283180
396	295840
397	292230
398	275260
399	248290
400	213540
401	175070
402	136700
403	99650
404	72810
405	48940
406	33850
407	22420
408	14590
409	10060
410	7960
411	6090
412	4760
413	4160
414	3780
415	2650
416	2670
417	2510
418	2230
419	1630
420	1900
421	1510
422	1740
423	1480
424	1550
425	1580
426	1270
427	1240
428	1410
429	1410
430	1320
431	1330
432	1340
433	1000
434	1280
435	1350
436	1090
437	1100
438	1140
439	1140
440	1080
441	1120
442	1150
443	960
444	1100
445	1060
446	1090
447	1060
448	1020
449	1170
450	1430
