Wavelength	R1
nm	MicroAmps
200	0.029034119451323
201	0.0290469268200662
202	0.029068349682255
203	0.0290732875692583
204	0.0290692675937495
205	0.0290572834843284
206	0.029069541775105
207	0.0290675748219025
208	0.0290681155552193
209	0.0290762062893922
210	0.0290966180184256
211	0.0290895083766682
212	0.029084044299881
213	0.0290776596889949
214	0.0290929599623061
215	0.0290845929010105
216	0.0290859692914151
217	0.0290897856574651
218	0.0290898919921474
219	0.0290887773853326
220	0.0290728324282081
221	0.0290988972999548
222	0.0291351624333818
223	0.0291584847763178
224	0.0291844123189681
225	0.0292406042380572
226	0.0292969957134893
227	0.0293958786233039
228	0.0295105882346323
229	0.0296673689484043
230	0.0299199820063879
231	0.0302291868114023
232	0.0306054995297332
233	0.0310666043819732
234	0.0316454186279893
235	0.0322521204557197
236	0.0331046492336758
237	0.033911114351815
238	0.0348853090797163
239	0.0360308454587153
240	0.0373371374658853
241	0.0385923206378787
242	0.039989298009171
243	0.0415805078368853
244	0.0432295057960147
245	0.0450242688157265
246	0.0468678404082515
247	0.0488087649786274
248	0.0508800098546211
249	0.0528051177370632
250	0.0549656980512359
251	0.0571045777455858
252	0.0593775557262135
253	0.0617902744069968
254	0.0641819574173491
255	0.0667406824383075
256	0.0692562131669391
257	0.0719533823678695
258	0.074756716496998
259	0.0773537172351842
260	0.0798603036911623
261	0.0824870910149729
262	0.0860916924989961
263	0.0883515624650638
264	0.0912100420941776
265	0.0937676362958586
266	0.0970811113013561
267	0.100178137054405
268	0.103009947420697
269	0.106193560599487
270	0.109368987438257
271	0.112931544522717
272	0.116202399824641
273	0.119753079849617
274	0.123626598168696
275	0.128056300758383
276	0.131946562259959
277	0.136144958782425
278	0.140458751561702
279	0.145264280257418
280	0.150049693339964
281	0.154229285074559
282	0.158952383887558
283	0.164464846769925
284	0.169230105377075
285	0.173997943196315
286	0.178822353689101
287	0.184245641350568
288	0.190487002253511
289	0.196818569537669
290	0.205120905913539
291	0.211314326802519
292	0.215341594581671
293	0.222444578023667
294	0.227598374499743
295	0.234156159283581
296	0.241217901796594
297	0.24815990931166
298	0.252759617454778
299	0.258400612503488
300	0.264686084418159
301	0.271776494380028
302	0.276798290176405
303	0.280838641413005
304	0.287451580279897
305	0.293491936208518
306	0.300094840991473
307	0.302391466756385
308	0.306839220492843
309	0.311788338202853
310	0.318382791047501
311	0.322242045737211
312	0.32746321429438
313	0.331291660298056
314	0.334566090686437
315	0.337183127405991
316	0.33950227156642
317	0.341895704092239
318	0.346792225473614
319	0.35160464661177
320	0.355432653925278
321	0.358874884733737
322	0.365304306151579
323	0.367144302419229
324	0.370498695534965
325	0.372656356413748
326	0.376643917248997
327	0.378197562085241
328	0.384115952848611
329	0.386005261467512
330	0.388763631523269
331	0.392773479964859
332	0.396034616849033
333	0.401593966412121
334	0.402851019739378
335	0.40595227479944
336	0.408819306979496
337	0.413533808657279
338	0.415535426966183
339	0.417503820216846
340	0.421475620154106
341	0.42398659541912
342	0.425985118816567
343	0.427831560253419
344	0.431670797558411
345	0.433437195205594
346	0.438746499955534
347	0.438099666322008
348	0.439374498998867
349	0.442287952466595
350	0.443112436783418
351	0.448165557680452
352	0.44694178210194
353	0.448202688750125
354	0.450400459738614
355	0.451223945558465
356	0.449966951120595
357	0.449113113901527
358	0.449700962780835
359	0.449031582856819
360	0.447691590384779
361	0.448722211397224
362	0.449041368031768
363	0.449596145155976
364	0.451644709750242
365	0.454358618318973
366	0.456222868430911
367	0.461455962923369
368	0.46459414472839
369	0.471052082199298
370	0.474767076488021
371	0.478476732108124
372	0.486244749103605
373	0.489513164191466
374	0.495706088454564
375	0.502704927565742
376	0.508634048833693
377	0.517699164177866
378	0.524324179660584
379	0.529323906242029
380	0.537182711121618
381	0.543868231753775
382	0.548249540380541
383	0.552931357971818
384	0.558576750651052
385	0.564974135288807
386	0.570273913071108
387	0.57638593452243
388	0.58556151991892
389	0.595466271556876
390	0.604351735647531
391	0.614016918345887
392	0.622487393219368
393	0.632723427221921
394	0.646525315160919
395	0.660968875448239
396	0.671875985246097
397	0.679197679340678
398	0.675736757231586
399	0.671961376287454
400	0.662656678652241
401	0.661989413739359
402	0.66313123841806
403	0.664742679015113
404	0.664379650502665
405	0.671984536267344
406	0.677540787581114
407	0.683720836287758
408	0.689879619965307
409	0.693401150935915
410	0.698033092554441
411	0.70463632182507
412	0.716268984154129
413	0.709148458112171
414	0.705038022783246
415	0.709980071621074
416	0.709118861784566
417	0.720945881024539
418	0.733875577567695
419	0.759936956005488
420	0.751215821198949
421	0.736822932725566
422	0.728299075934263
423	0.726431853219594
424	0.729917100698545
425	0.727702277060256
426	0.733517430913887
427	0.729447016526122
428	0.729265269096537
429	0.73368908179387
430	0.739044986168572
431	0.739776031863626
432	0.737052417274911
433	0.741337723088189
434	0.745139985249252
435	0.760653333236441
436	0.758457539214735
437	0.776244184425017
438	0.790237566344742
439	0.779463130759044
440	0.77218940266605
441	0.767051528258915
442	0.76958871287733
443	0.769673196020772
444	0.779853077681719
445	0.767308666501357
446	0.768880185339375
447	0.774727998722399
448	0.826114051753426
449	0.970359264523883
450	0.885556061317435
451	0.874624804486808
452	0.87384403993684
453	0.817246231352207
454	0.81696845655202
455	0.829160604295206
456	0.858416514051783
457	0.902692410341299
458	0.888043633892455
459	0.866015640577484
460	0.886983000273582
461	0.949700218185766
462	1.0190180914017
463	1.00901521931651
464	0.952334288481635
465	0.952809911594276
466	1.06368661319441
467	1.25764583538583
468	1.21070868668395
469	1.08400424816803
470	1.00280102907064
471	0.939663409601328
472	1.03573483841753
473	1.06939807791817
474	0.884156774147037
475	0.831476103512538
476	0.804107549488355
477	0.793422069778472
478	0.799083021176747
479	0.831623102866057
480	0.914561205283109
481	0.933255900995836
482	0.915458663325326
483	0.897933360153712
484	0.85938252983064
485	0.823063530019293
486	0.802074011701299
487	0.794428940963485
488	0.801536868014529
489	0.796131735927168
490	0.831618543349324
491	0.929322572517449
492	0.924327946662891
493	0.86736214092281
494	0.827862135754992
495	0.805376401673804
496	0.798625833541612
497	0.794154532633506
498	0.78762266680925
499	0.788836186812973
500	0.792476419713864
501	0.79255737426247
502	0.803784217667812
503	0.803155628061681
504	0.79981061743193
505	0.797376498300303
506	0.79453850764784
507	0.796628984557783
508	0.797004248711243
509	0.799286095624256
510	0.799092267048891
511	0.800301432575852
512	0.807773139634677
513	0.809305689434265
514	0.807467240979972
515	0.804204592522065
516	0.801617629920931
517	0.804865321905106
518	0.805095488331561
519	0.80482526853902
520	0.805387653122959
521	0.804195904549374
522	0.804858021528492
523	0.804420466232086
524	0.802557519792888
525	0.800577069238303
526	0.801996971031938
527	0.797648615904662
528	0.801492141644472
529	0.795573043016367
530	0.79526498238207
531	0.794364274217907
532	0.792671890516338
533	0.795643907691091
534	0.793953107088827
535	0.790911156979123
536	0.789182076844935
537	0.784167365656365
538	0.783520461689361
539	0.784040641418039
540	0.787618005249369
541	0.786419520874345
542	0.787320884212738
543	0.7839845644167
544	0.783103577282973
545	0.781903061581733
546	0.776305586743535
547	0.782257032095869
548	0.774759262072646
549	0.771804030518896
550	0.772968856867556
551	0.770825732368986
552	0.770901307240979
553	0.766792353921885
554	0.764779847513727
555	0.764335773853616
556	0.760316245618083
557	0.759023751847234
558	0.756101984723969
559	0.75610007546806
560	0.752949972019284
561	0.748925393124764
562	0.747448049621896
563	0.745053478408987
564	0.744006228654959
565	0.740461362228394
566	0.740746818874906
567	0.739149600422391
568	0.74027034127011
569	0.738912293836602
570	0.734859558662639
571	0.733934077855379
572	0.727416155702771
573	0.731620293344403
574	0.726655111229565
575	0.725489525756178
576	0.725019107797756
577	0.724072045341539
578	0.721760273083294
579	0.719160863125458
580	0.715318371168567
581	0.714958444004878
582	0.713859511780594
583	0.714698138610152
584	0.710648767045376
585	0.710178248951155
586	0.713426514093572
587	0.707053128907492
588	0.701717684660792
589	0.698989219684689
590	0.69482776850383
591	0.693769614438085
592	0.687032046793678
593	0.681399391864965
594	0.676138618407041
595	0.66925311203995
596	0.660675859979384
597	0.655787042378842
598	0.65146366207361
599	0.647716960022426
600	0.64823405080011
